9.999700573579679563e-01 4.650550524294682145e-03 -6.185205519846258097e-03 -1.795373860210684148e-08
-4.593826976007826281e-03 9.999475523728380555e-01 9.153647212189660806e-03 1.936503964103522502e-10
6.227450619335094320e-03 -9.124959363838683335e-03 9.999389751256786418e-01 9.882653075262876073e-08
0.000000000000000000e+00 0.000000000000000000e+00 0.000000000000000000e+00 1.000000000000000000e+00
9.999580984376825743e-01 -1.062782272175395466e-03 -9.092406872614967189e-03 -4.941380418400061511e-08
1.282820172027451799e-03 9.997056194059844580e-01 2.422867929753228303e-02 -5.273702679085681497e-08
9.063980433643138018e-03 -2.423932800096528090e-02 9.996650935372105584e-01 3.969254090224624307e-07
0.000000000000000000e+00 0.000000000000000000e+00 0.000000000000000000e+00 1.000000000000000000e+00
9.999963392299583420e-01 -5.383198541352097110e-04 -2.651742524680175510e-03 -2.374486105363126474e-08
5.614181779305725626e-04 9.999618434731313288e-01 8.717591837572634741e-03 -1.425408104295346010e-08
2.646948490628870092e-03 -8.719048660930133615e-03 9.999584850653226997e-01 1.919619912027524526e-07
0.000000000000000000e+00 0.000000000000000000e+00 0.000000000000000000e+00 1.000000000000000000e+00
9.999909233158487121e-01 -3.525472305107223321e-03 -2.392557406338772109e-03 -2.453959231974892466e-08
3.536182359800974298e-03 9.999836808289911394e-01 4.487035771996316161e-03 -2.052654202682188924e-08
2.376699441439104367e-03 -4.495455563884946312e-03 9.999870710059393097e-01 2.022875700222504370e-07
0.000000000000000000e+00 0.000000000000000000e+00 0.000000000000000000e+00 1.000000000000000000e+00
9.999967928933035655e-01 -3.825865221235310687e-04 -2.503563592265274466e-03 -2.360710215261620638e-08
3.949974942742817815e-04 9.999876275232367773e-01 4.958707233501698577e-03 -2.414072231612025135e-08
2.501635482428209677e-03 -4.959680231744231609e-03 9.999845715769378751e-01 1.767081121110879003e-07
0.000000000000000000e+00 0.000000000000000000e+00 0.000000000000000000e+00 1.000000000000000000e+00
9.999885586584710273e-01 2.062536370583463886e-03 -4.316074127430455550e-03 -2.749273963584662934e-08
-2.041514493490030439e-03 9.999860607173507443e-01 4.869352068579384761e-03 -3.084518555192805677e-08
4.326057180195880258e-03 -4.860485028773216774e-03 9.999788302332003331e-01 1.730572626323874232e-07
0.000000000000000000e+00 0.000000000000000000e+00 0.000000000000000000e+00 1.000000000000000000e+00
9.999868995099674418e-01 1.585211701363313345e-03 -4.867022940690256955e-03 -3.091523469797933302e-08
-1.526802884142598824e-03 9.999270561840482019e-01 1.198128474155578729e-02 -2.648318456856062740e-08
4.885660794234310267e-03 -1.197369679619141904e-02 9.999163769554111347e-01 1.413060257922010300e-07
0.000000000000000000e+00 0.000000000000000000e+00 0.000000000000000000e+00 1.000000000000000000e+00
9.999957065985672910e-01 2.429718133603822865e-03 -1.638064169379848528e-03 -3.266973675792664550e-08
-2.407000113363722341e-03 9.999028283110010795e-01 1.373099727314988985e-02 -1.121928001871477375e-08
1.671267448984855956e-03 -1.372699549982512972e-02 9.999043836585881362e-01 1.926368097082029519e-07
0.000000000000000000e+00 0.000000000000000000e+00 0.000000000000000000e+00 1.000000000000000000e+00
9.999855834212640904e-01 3.505236971313112956e-03 4.067709848274196627e-03 -2.726945752139212094e-08
-3.543029689510994798e-03 9.999502798871910958e-01 9.321195961193226576e-03 -1.221911479812672737e-08
-4.034834600581636670e-03 -9.335473598198478981e-03 9.999482831839067165e-01 2.071426180817876300e-07
0.000000000000000000e+00 0.000000000000000000e+00 0.000000000000000000e+00 1.000000000000000000e+00
9.998943137242758405e-01 1.008155311483473551e-02 1.047490661787172685e-02 -2.967063553941880181e-08
-1.020801846150028863e-02 9.998747980876738772e-01 1.209067856747670505e-02 -4.470296592347422183e-08
-1.035170232135932886e-02 -1.219632878882564823e-02 9.998720377243905943e-01 2.529444379355181270e-07
0.000000000000000000e+00 0.000000000000000000e+00 0.000000000000000000e+00 1.000000000000000000e+00
9.999742961715953893e-01 -1.788255061453938389e-03 6.943280201564636968e-03 -2.100127721971882405e-08
1.831366418483003963e-03 9.999790551147924589e-01 -6.207691097958926117e-03 -3.264456900888204414e-08
-6.932033840331985192e-03 6.220247226727422356e-03 9.999566267750189530e-01 1.798351543447216024e-07
0.000000000000000000e+00 0.000000000000000000e+00 0.000000000000000000e+00 1.000000000000000000e+00
9.999959654963215261e-01 -1.030044169494117451e-03 2.647262753859117110e-03 -3.717425906203979570e-08
1.022660193598962271e-03 9.999955874536868849e-01 2.789128768234754984e-03 -4.144875677703422829e-08
-2.650123998515299412e-03 -2.786410265244107509e-03 9.999926063529800402e-01 1.975336768649819358e-07
0.000000000000000000e+00 0.000000000000000000e+00 0.000000000000000000e+00 1.000000000000000000e+00
9.999980015891323237e-01 -1.307424728928588886e-03 1.512434566934090169e-03 -2.798552903112885654e-08
1.305227249405213879e-03 9.999980925589990743e-01 1.453017615573957283e-03 -2.800675582488371256e-08
-1.514331393216558326e-03 -1.451040641038057934e-03 9.999978006383259954e-01 1.822916334902407207e-07
0.000000000000000000e+00 0.000000000000000000e+00 0.000000000000000000e+00 1.000000000000000000e+00
9.999932924088711372e-01 -3.158098559667101100e-03 1.855141706980170191e-03 -2.208890915959924584e-08
3.149855375279082999e-03 9.999852281185486191e-01 4.429667686051043211e-03 -6.522402522173249342e-09
-1.869103630185925359e-03 -4.423794545573733750e-03 9.999884681802274633e-01 1.075239044362016784e-07
0.000000000000000000e+00 0.000000000000000000e+00 0.000000000000000000e+00 1.000000000000000000e+00
9.999743420118019088e-01 3.620972571212855307e-03 6.180928385048536922e-03 -1.398260327174108943e-08
-3.650639946128061541e-03 9.999818387496647309e-01 4.795310086357326348e-03 -4.255147555913723247e-08
-6.163452445367673116e-03 -4.817751392414336593e-03 9.999694000945597017e-01 3.192496458250333172e-07
0.000000000000000000e+00 0.000000000000000000e+00 0.000000000000000000e+00 1.000000000000000000e+00
9.999703606430303537e-01 2.053649744090853008e-03 7.420266718603652292e-03 -1.126032299750290549e-08
-2.083228102812098147e-03 9.999899073198210697e-01 3.980630498883709276e-03 -3.749942882945263410e-08
-7.412017007419459923e-03 -3.995970623713951744e-03 9.999645464828520458e-01 2.669299662489538402e-07
0.000000000000000000e+00 0.000000000000000000e+00 0.000000000000000000e+00 1.000000000000000000e+00
9.999620770564211503e-01 1.421648395634718095e-03 8.592052423499564606e-03 -1.233603135672903949e-08
-1.461163715199525169e-03 9.999883775860548552e-01 4.594528638331890451e-03 -5.856822948374321837e-08
-8.585420758842270128e-03 -4.606908795521873906e-03 9.999525323442824964e-01 3.476259200613657567e-07
0.000000000000000000e+00 0.000000000000000000e+00 0.000000000000000000e+00 1.000000000000000000e+00
9.999709909054647072e-01 3.933342452973126284e-03 6.522742114335788009e-03 -1.184705525774721022e-08
-3.936890032495679072e-03 9.999921093688707296e-01 5.311279215245680784e-04 -5.027388930789660048e-08
-6.520601537782116583e-03 -5.567918323989507140e-04 9.999785856399324713e-01 2.730482574916701244e-07
0.000000000000000000e+00 0.000000000000000000e+00 0.000000000000000000e+00 1.000000000000000000e+00
9.999884094667180756e-01 2.714000088649720210e-03 3.976824831826613130e-03 -1.645280067785779724e-08
-2.718333085800657238e-03 9.999957171858935290e-01 1.084562172359471817e-03 -4.468119760667212981e-08
-3.973864297993194052e-03 -1.095359936222304502e-03 9.999915042584862634e-01 2.677359699489703212e-07
0.000000000000000000e+00 0.000000000000000000e+00 0.000000000000000000e+00 1.000000000000000000e+00
9.999239334611252916e-01 3.168855264028000787e-03 -1.191996845410610295e-02 -3.318271025472155474e-08
-3.094219564956671772e-03 9.999755270477511671e-01 6.274640296957107073e-03 -1.166059889233828972e-07
1.193956016422221232e-02 -6.237280007182676757e-03 9.999092675044056744e-01 4.396718917540141146e-07
0.000000000000000000e+00 0.000000000000000000e+00 0.000000000000000000e+00 1.000000000000000000e+00
9.999363063649141514e-01 -4.567455627265268152e-03 -1.032092836836382387e-02 -2.504836146335982114e-08
4.608179025239606853e-03 9.999816778688221941e-01 3.925380583633535612e-03 -9.457959723097072858e-09
1.030281026532450794e-02 -3.972691247503165081e-03 9.999390330539598137e-01 1.684244395342288192e-07
0.000000000000000000e+00 0.000000000000000000e+00 0.000000000000000000e+00 1.000000000000000000e+00
9.999413692306194923e-01 -3.982069615402295502e-03 -1.006981741503526831e-02 -2.298136197861491488e-08
4.038601320388333221e-03 9.999761652035107362e-01 5.599886093077423473e-03 -4.557397460920397598e-08
1.004727826672554593e-02 -5.640225745355774943e-03 9.999336178231900130e-01 2.015843606851634118e-07
0.000000000000000000e+00 0.000000000000000000e+00 0.000000000000000000e+00 1.000000000000000000e+00
9.999915756371995368e-01 -3.134250802575568387e-03 -2.650495526800053341e-03 -1.982780308653123551e-08
3.133737623910104290e-03 9.999950702801708724e-01 -1.977469588240488583e-04 -7.992057779757412992e-09
2.651102249164101043e-03 1.894393353775866099e-04 9.999964678785639993e-01 1.851979470204248046e-07
0.000000000000000000e+00 0.000000000000000000e+00 0.000000000000000000e+00 1.000000000000000000e+00
9.999964082202170701e-01 -4.867601931041749385e-04 2.635642460388091472e-03 -1.477750397207436673e-08
4.833058529000183062e-04 9.999990237106278768e-01 1.311103825910497856e-03 -7.083206511867405677e-09
-2.636278080389850738e-03 -1.309825295287025872e-03 9.999956671884026038e-01 1.231557076619491978e-08
0.000000000000000000e+00 0.000000000000000000e+00 0.000000000000000000e+00 1.000000000000000000e+00
9.999938444756758527e-01 -3.024169216264107913e-03 1.779160282055503202e-03 -1.108555358693304353e-08
3.014998330698280028e-03 9.999822710813058846e-01 5.134910723554571635e-03 -1.262390818659825457e-08
-1.794657578405954926e-03 -5.129514950206271254e-03 9.999852335312509055e-01 1.942015962405985153e-07
0.000000000000000000e+00 0.000000000000000000e+00 0.000000000000000000e+00 1.000000000000000000e+00
9.999896695101998523e-01 -4.138872865953543718e-04 4.526540643388040665e-03 -9.542750055119068815e-09
3.937352387178891895e-04 9.999900124587898231e-01 4.451960829831049828e-03 -7.435305500164347401e-09
-4.528338044364710498e-03 -4.450132580334314331e-03 9.999798450341755851e-01 6.855484615572024894e-08
0.000000000000000000e+00 0.000000000000000000e+00 0.000000000000000000e+00 1.000000000000000000e+00
9.999688926231364849e-01 -6.923682328992000756e-03 3.778413564757763556e-03 -1.741142640269495755e-08
6.811612118649384463e-03 9.995588568214659464e-01 2.890836712975833681e-02 -1.206016476746841725e-08
-3.976899094044313888e-03 -2.888173077866054358e-02 9.995749246058670545e-01 1.421899854294197935e-07
0.000000000000000000e+00 0.000000000000000000e+00 0.000000000000000000e+00 1.000000000000000000e+00
9.999401794538520516e-01 -8.871237840389852025e-03 -6.398332046558864901e-03 -6.158129524316367448e-09
8.995269610475836730e-03 9.997669643701496689e-01 1.962401790484663219e-02 -2.426687967499580036e-08
6.222751677002443145e-03 -1.968039870719409667e-02 9.997869569404728152e-01 1.866588154386610998e-07
0.000000000000000000e+00 0.000000000000000000e+00 0.000000000000000000e+00 1.000000000000000000e+00
9.998517533046304973e-01 -9.769416488501945443e-04 -1.719060786217141423e-02 -9.454392449850614508e-09
1.143880963703995408e-03 9.999522615447805629e-01 9.703925382026586111e-03 -2.522841624310280311e-08
1.718030704024475774e-02 -9.722150816244617619e-03 9.998051394314334539e-01 3.333654412312465121e-07
0.000000000000000000e+00 0.000000000000000000e+00 0.000000000000000000e+00 1.000000000000000000e+00
9.999906505478536323e-01 4.278113205315505212e-04 -4.302998298187590658e-03 -2.374852579427219859e-08
-4.192087035081513264e-04 9.999979122940808596e-01 1.999917883889044783e-03 5.016373469392122822e-09
4.303844902303431003e-03 -1.998095331414707389e-03 9.999887422036825013e-01 -1.658862793667903729e-08
0.000000000000000000e+00 0.000000000000000000e+00 0.000000000000000000e+00 1.000000000000000000e+00
9.999856054299572916e-01 -3.738916232064870906e-03 3.848303300207184165e-03 -7.208851951510275648e-09
3.715984050440047405e-03 9.999753999154278317e-01 5.949035763570164649e-03 9.780849071883652778e-10
-3.870451578002094550e-03 -5.934649896073360652e-03 9.999748994525778922e-01 4.077605088492099241e-08
0.000000000000000000e+00 0.000000000000000000e+00 0.000000000000000000e+00 1.000000000000000000e+00
9.999953078746491864e-01 -3.058158391081349219e-03 -1.785943450808591968e-04 9.517322825295016490e-09
3.058272230440097460e-03 9.999951182492411439e-01 6.406626653184883035e-04 -1.205930134692221969e-08
1.766342253219830801e-04 -6.412058493750296718e-04 9.999997788276803190e-01 6.002299653278089776e-08
0.000000000000000000e+00 0.000000000000000000e+00 0.000000000000000000e+00 1.000000000000000000e+00
9.999802113636298007e-01 9.912478065229584495e-04 -6.212431805369658146e-03 -2.469538012942694782e-09
-1.000678174340728340e-03 9.999983516185949606e-01 -1.515058838565572566e-03 7.561623961334351571e-09
6.210919766162109959e-03 1.521245502534349916e-03 9.999795549348892143e-01 -1.193467603995767214e-07
0.000000000000000000e+00 0.000000000000000000e+00 0.000000000000000000e+00 1.000000000000000000e+00
9.999767394607762538e-01 3.332958973268768544e-03 -5.950791701684384621e-03 -3.216853026637100700e-09
-3.349896326802639848e-03 9.999903603955682119e-01 -2.838540213108012647e-03 5.830979951995849139e-09
5.941273600332063094e-03 2.858408722395096215e-03 9.999782651475893624e-01 -9.482698650977150116e-08
0.000000000000000000e+00 0.000000000000000000e+00 0.000000000000000000e+00 1.000000000000000000e+00
9.999801086311881360e-01 4.860577619216188347e-03 -4.019592910374803103e-03 -5.775458597124650912e-09
-4.891789859111457008e-03 9.999576767008807598e-01 -7.791995825911301500e-03 1.027545117466212369e-08
3.981549187421267767e-03 7.811503836285273693e-03 9.999615630982437997e-01 -1.847631765483808046e-07
0.000000000000000000e+00 0.000000000000000000e+00 0.000000000000000000e+00 1.000000000000000000e+00
9.999843587039113357e-01 4.202896345482660945e-03 -3.690258776503585036e-03 -1.933691279884200508e-08
-4.243144336206129685e-03 9.999308544628475737e-01 -1.096731595888359757e-02 -1.749330987993565996e-08
3.643909119414904477e-03 1.098280271647404487e-02 9.999330477441080722e-01 -2.570439962181588089e-07
0.000000000000000000e+00 0.000000000000000000e+00 0.000000000000000000e+00 1.000000000000000000e+00
9.999892616818846225e-01 -4.497571187492744216e-04 -4.612400617217139384e-03 -3.118868190315002792e-08
4.036163772918565360e-04 9.999499204456614443e-01 -9.999684721713907390e-03 -2.284257396286436630e-08
4.616667059638639159e-03 9.997715701490581669e-03 9.999393641946556777e-01 -3.088696504697915643e-07
0.000000000000000000e+00 0.000000000000000000e+00 0.000000000000000000e+00 1.000000000000000000e+00
9.999653347458956620e-01 -2.879013364721977157e-03 -7.812847661064827379e-03 -3.840281137224282885e-08
2.828713243346343571e-03 9.999752520345889240e-01 -6.441560350221265871e-03 -5.115251874699198365e-08
7.831199647319112001e-03 6.419236746247791031e-03 9.999487315416122346e-01 -3.157472580115295589e-07
0.000000000000000000e+00 0.000000000000000000e+00 0.000000000000000000e+00 1.000000000000000000e+00
9.999560572293176852e-01 -6.575603441464333420e-05 -9.374395262787896255e-03 -2.742701971533779072e-08
-1.357984452538419004e-05 9.999641904109007884e-01 -8.462724824755001735e-03 9.578784531208215985e-09
9.374616044770295656e-03 8.462480252008871759e-03 9.999202483208337044e-01 -2.759773829151007725e-07
0.000000000000000000e+00 0.000000000000000000e+00 0.000000000000000000e+00 1.000000000000000000e+00
9.999852097639991833e-01 1.586880328849989326e-04 -5.436457611273886985e-03 -4.268694141729397908e-08
-1.958215287831379303e-04 9.999766519592948599e-01 -6.830606869656807856e-03 -3.700193098300706050e-08
5.435246745072739097e-03 6.831570418809784079e-03 9.999618931431497604e-01 -3.855127978592160312e-07
0.000000000000000000e+00 0.000000000000000000e+00 0.000000000000000000e+00 1.000000000000000000e+00
9.999962439493994548e-01 1.150701179099227866e-04 -2.738402081786632178e-03 -3.168531267845033792e-08
-1.326803103937730861e-04 9.999793087889465859e-01 -6.431515366981727620e-03 -2.965438280176948985e-08
2.737605345699594978e-03 6.431854541922763478e-03 9.999755680836024396e-01 -3.921303216906363648e-07
0.000000000000000000e+00 0.000000000000000000e+00 0.000000000000000000e+00 1.000000000000000000e+00
9.999990126046186534e-01 7.353662352016578389e-04 -1.197508366672234582e-03 -1.801883760530655787e-09
-7.446943928976092588e-04 9.999692404844354732e-01 -7.807913629269950910e-03 -4.555417812999882095e-09
1.191729855844655440e-03 7.808797697538196608e-03 9.999688007425382441e-01 -2.602889662780750053e-07
0.000000000000000000e+00 0.000000000000000000e+00 0.000000000000000000e+00 1.000000000000000000e+00
9.999849871133767998e-01 5.385977712811109742e-03 -1.008361014812216494e-03 -8.216229559268729297e-09
-5.392600561954582691e-03 9.999631169674757514e-01 -6.684651364709283394e-03 -2.545060162400198165e-08
9.723204401318756487e-04 6.689988696971362579e-03 9.999771490610152025e-01 -4.697654593554459369e-07
0.000000000000000000e+00 0.000000000000000000e+00 0.000000000000000000e+00 1.000000000000000000e+00
9.999846126163256521e-01 5.534551249321789310e-03 3.785142621322231424e-04 -1.827918931744345676e-09
-5.534536875406770133e-03 9.999846835725422212e-01 -3.901148818109789854e-05 -7.005197728931076871e-09
-3.787243757266378326e-04 3.691598675472242114e-05 9.999999276025256512e-01 -4.114012744220908713e-07
0.000000000000000000e+00 0.000000000000000000e+00 0.000000000000000000e+00 1.000000000000000000e+00
9.999925779184396513e-01 2.918374397722690340e-03 -2.515392396522639351e-03 -3.808347332474611184e-09
-2.903388983837252788e-03 9.999781390328265074e-01 5.940689257480875028e-03 1.185845874150493537e-08
2.532674563045886774e-03 -5.933342002626588486e-03 9.999791902895966977e-01 -3.511820771421180093e-07
0.000000000000000000e+00 0.000000000000000000e+00 0.000000000000000000e+00 1.000000000000000000e+00
9.999591993120767741e-01 2.575312984944528021e-03 -8.658375955013614469e-03 2.116934383514494835e-08
-2.503378600593425367e-03 9.999623488673454741e-01 8.308666757264325173e-03 -8.137523684636878893e-09
8.679447374739527460e-03 -8.286652564863231096e-03 9.999279966990310964e-01 -5.756127159810491825e-08
0.000000000000000000e+00 0.000000000000000000e+00 0.000000000000000000e+00 1.000000000000000000e+00
9.999501903698400085e-01 2.602313571743097072e-03 -9.635597718583322271e-03 3.934027367444743114e-09
-2.649818115704404790e-03 9.999843828168144544e-01 -4.920628661913607066e-03 -7.888208229535434453e-09
9.622642218940239897e-03 4.945916148610143143e-03 9.999414696221861076e-01 -3.075145188257927057e-07
0.000000000000000000e+00 0.000000000000000000e+00 0.000000000000000000e+00 1.000000000000000000e+00
9.999775804162505111e-01 1.568811333074518520e-03 -6.509799986425418919e-03 -1.581950381230168054e-08
-1.602833242270962312e-03 9.999850684946528512e-01 -5.224338555417670435e-03 -4.654407072718777480e-09
6.501506783778551388e-03 5.234655551740665692e-03 9.999651637886166622e-01 -4.316888334401627074e-07
0.000000000000000000e+00 0.000000000000000000e+00 0.000000000000000000e+00 1.000000000000000000e+00
9.999817277700685514e-01 9.839791431253542935e-04 -5.964554554594161777e-03 2.929203272413107599e-08
-1.020185693155666821e-03 9.999810552469001745e-01 -6.070285697494248907e-03 1.469175176752567044e-08
5.958468523061624146e-03 6.076259733060876411e-03 9.999637872045750164e-01 -1.915483367186937347e-07
0.000000000000000000e+00 0.000000000000000000e+00 0.000000000000000000e+00 1.000000000000000000e+00
9.999988863070339296e-01 4.800512105607375761e-04 -1.413129692086774990e-03 1.701173090210294688e-08
-4.950268149640023969e-04 9.999435232967130993e-01 -1.061626890240417731e-02 1.347913713334708179e-08
1.407953530442212706e-03 1.061695661623078026e-02 9.999426473048671493e-01 -1.861446010729984231e-07
0.000000000000000000e+00 0.000000000000000000e+00 0.000000000000000000e+00 1.000000000000000000e+00
9.999872791293784591e-01 3.106183995023480051e-03 3.974065979830511582e-03 4.579374574579107061e-08
-3.046073174857697168e-03 9.998822010834743645e-01 -1.504345022524004177e-02 1.111034666122442274e-08
-4.020325563483458618e-03 1.503115356367974893e-02 9.998789433751015254e-01 -2.614957113311572302e-07
0.000000000000000000e+00 0.000000000000000000e+00 0.000000000000000000e+00 1.000000000000000000e+00
9.999665394756337422e-01 4.343020160813514802e-03 6.932395329805857154e-03 5.375876282687646360e-08
-4.295902174150307770e-03 9.999676706890099354e-01 -6.797264251588639589e-03 9.769312871805817799e-10
-6.961691865924359880e-03 6.767255919393138676e-03 9.999528684361500552e-01 -3.582130173370284424e-07
0.000000000000000000e+00 0.000000000000000000e+00 0.000000000000000000e+00 1.000000000000000000e+00
9.999475898620225900e-01 1.601870278739745508e-03 1.011195039259207493e-02 2.302094596193355598e-08
-1.521841348234698578e-03 9.999675017753918427e-01 -7.917031766554772504e-03 6.515311627056607178e-09
-1.012430383003967184e-02 7.901228049608763002e-03 9.999175311330754656e-01 -2.095514646837988562e-07
0.000000000000000000e+00 0.000000000000000000e+00 0.000000000000000000e+00 1.000000000000000000e+00
9.999663555063137421e-01 -1.075494473070230965e-04 8.202212417279209841e-03 4.611419391701091550e-08
1.920071571598940463e-04 9.999469675972503246e-01 -1.029685031040783634e-02 -8.227913624101649069e-09
-8.200670013686954529e-03 1.029807876158123775e-02 9.999133455380757596e-01 -2.467156403673509248e-07
0.000000000000000000e+00 0.000000000000000000e+00 0.000000000000000000e+00 1.000000000000000000e+00
9.999931741439376243e-01 1.093284423273364008e-04 3.693198183721674559e-03 3.268792037112489404e-08
-7.743040218161461306e-05 9.999627059843361199e-01 -8.636008627547191868e-03 -2.539059070774251715e-09
-3.694004610901939142e-03 8.635663713574633429e-03 9.999558888481834273e-01 -2.406718249686915445e-07
0.000000000000000000e+00 0.000000000000000000e+00 0.000000000000000000e+00 1.000000000000000000e+00
9.999943104279634953e-01 -1.378519067584607107e-03 3.078765480198188739e-03 3.793173695355578126e-09
1.408885580516942154e-03 9.999501702403984504e-01 -9.882918476829779739e-03 1.959160112632407958e-09
-3.064988274490745065e-03 9.887199875544015054e-03 9.999464231275082549e-01 -1.451368189447552834e-07
0.000000000000000000e+00 0.000000000000000000e+00 0.000000000000000000e+00 1.000000000000000000e+00
9.999954357074763989e-01 -4.576035003854588739e-04 2.986496819039367954e-03 1.452022730298769446e-09
4.881656078250867434e-04 9.999474431153102527e-01 -1.024073735100574853e-02 4.449119654038721675e-09
-2.981653660812073371e-03 1.024214851431975472e-02 9.999431024489631170e-01 -1.670554089800624432e-07
0.000000000000000000e+00 0.000000000000000000e+00 0.000000000000000000e+00 1.000000000000000000e+00
9.999902335182365709e-01 2.143092165304155867e-03 3.865232737370495955e-03 -3.700376790848513152e-09
-2.106061824830098538e-03 9.999520926772897944e-01 -9.559124117747052132e-03 5.716668746208007496e-09
-3.885533648422318052e-03 9.550890339623417311e-03 9.999468401480091639e-01 -1.766134926598375601e-07
0.000000000000000000e+00 0.000000000000000000e+00 0.000000000000000000e+00 1.000000000000000000e+00
9.999848892066571793e-01 4.845209036426869936e-04 5.476001994411726879e-03 1.294308819579187545e-10
-4.375298504591233501e-04 9.999631021562870314e-01 -8.579212877949741675e-03 1.342722759459666912e-08
-5.479956749722137040e-03 8.576687324903173315e-03 9.999482039128592126e-01 -2.282062671697234207e-07
0.000000000000000000e+00 0.000000000000000000e+00 0.000000000000000000e+00 1.000000000000000000e+00
9.999715893407881140e-01 9.562574195888117910e-04 7.477037047242269738e-03 -6.477554117512409799e-09
-9.059087640645757970e-04 9.999769142642824793e-01 -6.734260745961275982e-03 1.305454149247213318e-08
-7.483304121144823857e-03 6.727295907783839742e-03 9.999493705429284285e-01 -1.906627566013954106e-07
0.000000000000000000e+00 0.000000000000000000e+00 0.000000000000000000e+00 1.000000000000000000e+00
9.999636259593160936e-01 -3.096712024466998360e-04 8.523547503412599174e-03 4.277262175637887405e-09
3.491191897468033417e-04 9.999892343442799980e-01 -4.627019703034828714e-03 1.761994987076220990e-08
-8.522022887079474737e-03 4.629827133630060564e-03 9.999529688073459655e-01 -1.763849214998538147e-07
0.000000000000000000e+00 0.000000000000000000e+00 0.000000000000000000e+00 1.000000000000000000e+00
9.999784708663346233e-01 -1.204344743576345449e-03 6.450376544462994508e-03 -9.927264435106711583e-10
1.227421594378719010e-03 9.999928569720080151e-01 -3.574834428357757075e-03 1.102895567382355995e-08
-6.446025136189839112e-03 3.582674796732068876e-03 9.999728062308711474e-01 -1.595828696669791883e-07
0.000000000000000000e+00 0.000000000000000000e+00 0.000000000000000000e+00 1.000000000000000000e+00
9.999974333132330973e-01 -1.761970785436554627e-03 1.424368596048064929e-03 -1.618465455218559041e-08
1.764065451224743541e-03 9.999973625887886852e-01 -1.470676222472783873e-03 2.691633513270303904e-09
-1.421773550863525025e-03 1.473185127137680277e-03 9.999979041405790969e-01 -9.570706058386246141e-08
0.000000000000000000e+00 0.000000000000000000e+00 0.000000000000000000e+00 1.000000000000000000e+00
9.999907749820405867e-01 -2.196376317431378376e-03 -3.691325221421388244e-03 -2.263029076267817808e-08
2.194833117899906618e-03 9.999975022833210714e-01 -4.220600698085679239e-04 3.388673746689284458e-09
3.692243004278676806e-03 4.139543334519297114e-04 9.999930979678842702e-01 -7.013940607884408392e-08
0.000000000000000000e+00 0.000000000000000000e+00 0.000000000000000000e+00 1.000000000000000000e+00
9.999781623688687171e-01 -3.439220820982223387e-03 -5.643274361992556797e-03 -1.973690535705658392e-08
3.421982750077225653e-03 9.999894587543762814e-01 -3.061439887977508365e-03 3.879021918290614289e-09
5.653743842656307715e-03 3.042061845861812001e-03 9.999793903077638380e-01 -5.948328970079186864e-08
0.000000000000000000e+00 0.000000000000000000e+00 0.000000000000000000e+00 1.000000000000000000e+00
9.999902606472869104e-01 -1.977827375576923005e-03 -3.945479621354456602e-03 -2.134778208810577013e-08
1.947948230351253607e-03 9.999695063580927856e-01 -7.562529447449632160e-03 1.535776834411973752e-09
3.960316687081506457e-03 7.554770203261636403e-03 9.999636200077044457e-01 -6.242209743270399767e-08
0.000000000000000000e+00 0.000000000000000000e+00 0.000000000000000000e+00 1.000000000000000000e+00
9.999989844163735819e-01 -6.329532209188913714e-04 1.276924603387010306e-03 -2.482572501073430803e-08
6.461337114975403704e-04 9.999462473016493824e-01 -1.034818914471110143e-02 -3.515330798789425253e-10
-1.270306045594165939e-03 1.034900369929292116e-02 9.999456407450265649e-01 -7.147734616950223454e-08
0.000000000000000000e+00 0.000000000000000000e+00 0.000000000000000000e+00 1.000000000000000000e+00
9.999434368982587085e-01 -2.405143880073976580e-03 1.036041924898539919e-02 -3.117399930228831893e-08
2.623638168717359713e-03 9.997733443584827517e-01 -2.112762251211331224e-02 -3.366365022857589283e-09
-1.030725602952860080e-02 2.115360945963714809e-02 9.997231043043728338e-01 -9.244688042467421748e-08
0.000000000000000000e+00 0.000000000000000000e+00 0.000000000000000000e+00 1.000000000000000000e+00
9.998717229215021707e-01 4.541118947726472950e-04 1.601035553555535049e-02 -3.637369979817171140e-08
-6.485170339425139316e-05 9.997045837004723268e-01 -2.430516658082571696e-02 -3.137353330718496808e-09
-1.601666308081767590e-02 2.430101048623590360e-02 9.995763739670435744e-01 -1.084508036503132870e-07
0.000000000000000000e+00 0.000000000000000000e+00 0.000000000000000000e+00 1.000000000000000000e+00
9.998550611599418270e-01 -2.431941509098325960e-03 1.685058851631313429e-02 -3.832512924046508882e-08
2.838173182498976259e-03 9.997048959185246275e-01 -2.412604090019572489e-02 -5.359175411315817418e-09
-1.678694271855133216e-02 2.417036898824877211e-02 9.995669021216818662e-01 -1.145423158330381088e-07
0.000000000000000000e+00 0.000000000000000000e+00 0.000000000000000000e+00 1.000000000000000000e+00
9.998606537721242971e-01 -4.944634605815629268e-03 1.594439170980916157e-02 -4.073884099273293772e-08
5.396925092523208178e-03 9.995806581431649906e-01 -2.844962329492408196e-02 -1.269178207534677068e-08
-1.579703256711697743e-02 2.853170963493713297e-02 9.994680561715724165e-01 -1.282384477683113398e-07
0.000000000000000000e+00 0.000000000000000000e+00 0.000000000000000000e+00 1.000000000000000000e+00
9.998717648375549105e-01 -3.369898731341037287e-03 1.565559526728361323e-02 -4.974161903784995574e-08
3.781225735460377532e-03 9.996464540086209549e-01 -2.631861166414919614e-02 -9.643732400061619260e-09
-1.556136923827653937e-02 2.637443403243572640e-02 9.995310065310124559e-01 -1.477273309747150007e-07
0.000000000000000000e+00 0.000000000000000000e+00 0.000000000000000000e+00 1.000000000000000000e+00
9.998764234205128609e-01 -3.422424118893377647e-03 1.534356219896567709e-02 -3.857733649583268228e-08
3.791923145031552301e-03 9.997019359186420928e-01 -2.411764166291155420e-02 -1.004380803783587532e-08
-1.525644803567609634e-02 2.417284289587905838e-02 9.995913737421233680e-01 -1.250913326407018936e-07
0.000000000000000000e+00 0.000000000000000000e+00 0.000000000000000000e+00 1.000000000000000000e+00
9.998854745907187480e-01 -4.069273154448233704e-03 1.457664976898896854e-02 -3.826089044945428904e-08
4.369075188036328737e-03 9.997783575690922797e-01 -2.059482746828758884e-02 -1.208571740214590246e-08
-1.448961298636248715e-02 2.065615531607306946e-02 9.996816365038732055e-01 -1.488125581890385188e-07
0.000000000000000000e+00 0.000000000000000000e+00 0.000000000000000000e+00 1.000000000000000000e+00
9.998887550299301319e-01 -4.329046968582726633e-03 1.427364414017521545e-02 -2.708877674199116059e-08
4.550763136406905940e-03 9.998689290981824795e-01 -1.553754095502711020e-02 -9.322401935197046025e-09
-1.420451053619496522e-02 1.560076845532391843e-02 9.997773991764509205e-01 -9.927557327703458729e-08
0.000000000000000000e+00 0.000000000000000000e+00 0.000000000000000000e+00 1.000000000000000000e+00
9.999632495609580563e-01 -5.207753478727010152e-03 6.810200525235327214e-03 -1.779326385902444600e-08
5.271010576875218186e-03 9.999428257063051051e-01 -9.303857586486356454e-03 -7.754299786385703060e-09
-6.761358960118763438e-03 9.339412304634434059e-03 9.999335274921110628e-01 -6.625092615622422730e-08
0.000000000000000000e+00 0.000000000000000000e+00 0.000000000000000000e+00 1.000000000000000000e+00
9.999862585788940050e-01 -4.493571357923203252e-03 2.700087005368718811e-03 -8.407840864271813280e-09
4.501494693401504599e-03 9.999855593019500999e-01 -2.935597569819343045e-03 -4.780401967619641420e-09
-2.686856697069433045e-03 2.947711657863324574e-03 9.999920458669011580e-01 -3.940653771876200143e-08
0.000000000000000000e+00 0.000000000000000000e+00 0.000000000000000000e+00 1.000000000000000000e+00
9.999972611332496042e-01 -6.040381992862733484e-04 2.261164269371711104e-03 -2.410247508221488372e-09
6.060242010419450648e-04 9.999994311645942213e-01 -8.777272670250175698e-04 -2.505559472129162169e-09
-2.260632802343576827e-03 8.790951833167604109e-04 9.999970583611694774e-01 -2.347051677166202176e-09
0.000000000000000000e+00 0.000000000000000000e+00 0.000000000000000000e+00 1.000000000000000000e+00
9.999982479769560229e-01 -1.333928272921392367e-03 -1.313270109899239511e-03 -8.739521521344770866e-09
1.339354342480118332e-03 9.999905350792297476e-01 4.139550929768414690e-03 -9.891556625167805035e-09
1.307735815879285547e-03 -4.141302611204334023e-03 9.999905696753942363e-01 -2.466910299971908664e-08
0.000000000000000000e+00 0.000000000000000000e+00 0.000000000000000000e+00 1.000000000000000000e+00
9.999993136693497986e-01 -1.017154946116507336e-03 -5.814263891656248689e-04 -7.170152195480888537e-09
1.023482813631514847e-03 9.999390987957723631e-01 1.098868429012500245e-02 3.267216843702530525e-09
5.702137850213378351e-04 -1.098927182817083931e-02 9.999394535475262247e-01 6.530315755172248014e-08
0.000000000000000000e+00 0.000000000000000000e+00 0.000000000000000000e+00 1.000000000000000000e+00
9.999957548192224266e-01 2.717798552733925038e-03 -1.050673384662200328e-03 -1.241525074308420133e-08
-2.703895134331316466e-03 9.999116424277899595e-01 1.301523293919110147e-02 4.160821147269274205e-09
1.085953330958374600e-03 -1.301233677652184964e-02 9.999147462643892537e-01 9.877497667824973602e-08
0.000000000000000000e+00 0.000000000000000000e+00 0.000000000000000000e+00 1.000000000000000000e+00
9.999903836910475352e-01 3.903650537808583086e-03 -1.998508922047704649e-03 -1.727490169639710328e-08
-3.873338855363157082e-03 9.998806990203208400e-01 1.495275803143998779e-02 1.766374011956492923e-08
2.056640839906556401e-03 -1.494487333883849287e-02 9.998862040199082424e-01 1.209181951847330059e-07
0.000000000000000000e+00 0.000000000000000000e+00 0.000000000000000000e+00 1.000000000000000000e+00
9.999943710425226451e-01 2.314388681086230939e-03 -2.429297903036260319e-03 -1.323233266760859733e-08
-2.285207614975637291e-03 9.999260213035695566e-01 1.194695551877242995e-02 1.382796970285648469e-08
2.456768085370245394e-03 -1.194133681980076404e-02 9.999256816211549159e-01 1.659264744251082853e-07
0.000000000000000000e+00 0.000000000000000000e+00 0.000000000000000000e+00 1.000000000000000000e+00
9.999686206844773384e-01 5.004003627975450209e-03 -6.141465140671534782e-03 -2.083249237930630912e-08
-4.911611197925721574e-03 9.998759094529281466e-01 1.496802495722433270e-02 1.801338422090752247e-09
6.215603094091986906e-03 -1.493739078188986019e-02 9.998691117515356996e-01 1.139289721985704284e-07
0.000000000000000000e+00 0.000000000000000000e+00 0.000000000000000000e+00 1.000000000000000000e+00
9.999435714931422803e-01 7.262482179541462218e-03 -7.753075656174568571e-03 -4.094578049821503459e-09
-7.044723110239782711e-03 9.995899602427493758e-01 2.775397734016795542e-02 2.384166780721919497e-08
7.951459352758930704e-03 -2.769779295341680964e-02 9.995847170498709522e-01 1.821008605449941990e-07
0.000000000000000000e+00 0.000000000000000000e+00 0.000000000000000000e+00 1.000000000000000000e+00
9.999551033558133906e-01 2.123600604458822632e-03 -9.234803362154859682e-03 1.181449841217268153e-08
-1.900458140850796139e-03 9.997076207683673887e-01 2.410521181211137259e-02 -8.010677027653375761e-10
9.283293139818361503e-03 -2.408657921176483516e-02 9.996667730650822259e-01 2.708369392616084242e-07
0.000000000000000000e+00 0.000000000000000000e+00 0.000000000000000000e+00 1.000000000000000000e+00
9.999234229681805974e-01 3.451401193900300972e-03 -1.188427656172610578e-02 -3.181682878494121465e-08
-3.238281211656980976e-03 9.998344356531848609e-01 1.790572022766316607e-02 1.839084286788098404e-08
1.194410877341121197e-02 -1.786586443125158519e-02 9.997690479074320402e-01 1.933658844704100327e-07
0.000000000000000000e+00 0.000000000000000000e+00 0.000000000000000000e+00 1.000000000000000000e+00
9.999033968972054209e-01 3.077707797562312907e-03 -1.355450434884789175e-02 -2.767404904875159927e-08
-2.775346687639647196e-03 9.997481483168012550e-01 2.226965172359631276e-02 1.656818676239614752e-08
1.361963010487141079e-02 -2.222988195739447614e-02 9.996601112498019193e-01 1.981866369114333151e-07
0.000000000000000000e+00 0.000000000000000000e+00 0.000000000000000000e+00 1.000000000000000000e+00
9.998884437123078950e-01 4.003420487066089873e-04 -1.493117064479024085e-02 -1.348044656690660707e-08
-9.059720380403765184e-05 9.997849040183832692e-01 2.073975624492670547e-02 9.264454582448175777e-09
1.493626200648846825e-02 -2.073608987240245158e-02 9.996734079958701225e-01 1.608040960778848046e-07
0.000000000000000000e+00 0.000000000000000000e+00 0.000000000000000000e+00 1.000000000000000000e+00
9.999250563040139594e-01 1.411608115156096045e-04 -1.224180742535915453e-02 -3.059700452892983036e-08
5.488630858064894432e-05 9.998717863158959052e-01 1.601274233081565260e-02 2.349046420910651456e-09
1.224249822983106140e-02 -1.601221418434244440e-02 9.997968444809206545e-01 1.838917404939138580e-07
0.000000000000000000e+00 0.000000000000000000e+00 0.000000000000000000e+00 1.000000000000000000e+00
9.999611008623509045e-01 -1.245288641249556053e-03 -8.731896606982368289e-03 -3.095944989144569082e-08
1.308630598113777986e-03 9.999728466657210602e-01 7.252131908040155422e-03 -2.909030691857018620e-09
8.722628509384985213e-03 -7.263276633442275129e-03 9.999355782071333021e-01 1.499966847614082742e-07
0.000000000000000000e+00 0.000000000000000000e+00 0.000000000000000000e+00 1.000000000000000000e+00
9.999609873956996076e-01 3.242616144862241808e-03 -8.216393804727356587e-03 -3.020179353895016164e-08
-3.136098566178901863e-03 9.999113060064245273e-01 1.294391773420516985e-02 -2.097042177632454301e-08
8.257637216570719654e-03 -1.291764533743433932e-02 9.998824660261500519e-01 1.403038501437900321e-07
0.000000000000000000e+00 0.000000000000000000e+00 0.000000000000000000e+00 1.000000000000000000e+00
9.999786173509509490e-01 3.191084961628306237e-04 -6.531692785781705729e-03 -2.969824363711331491e-08
-2.311636975817367282e-04 9.999093746431815255e-01 1.346064872239139884e-02 -2.324533224740074529e-08
6.535396256163552783e-03 -1.345885100780796519e-02 9.998880676982424554e-01 2.018995925451194388e-07
0.000000000000000000e+00 0.000000000000000000e+00 0.000000000000000000e+00 1.000000000000000000e+00
9.999881393410400277e-01 -1.339011724804809180e-05 -4.870420715842867058e-03 -2.683237522515336680e-08
4.972126201064455177e-05 9.999721762695231719e-01 7.459504982905997526e-03 -2.073838122985755990e-08
4.870185318923218529e-03 -7.459658671725902419e-03 9.999603166063439907e-01 1.816347316302153845e-07
0.000000000000000000e+00 0.000000000000000000e+00 0.000000000000000000e+00 1.000000000000000000e+00
9.999953746438237090e-01 4.133530336406555667e-04 -3.013275664256883160e-03 -2.798660853357842455e-08
-3.828006985661121632e-04 9.999485888107714215e-01 1.013277844283125111e-02 -1.619732131248298351e-08
3.017309162880069378e-03 -1.013157809109264777e-02 9.999441219242202195e-01 1.501916605175335937e-07
0.000000000000000000e+00 0.000000000000000000e+00 0.000000000000000000e+00 1.000000000000000000e+00
9.999971866917789498e-01 -2.280041296739004041e-03 6.542325381365210555e-04 -2.273513942484479605e-08
2.274563622368948757e-03 9.999633424794813763e-01 8.254699121748991855e-03 -1.890715545092584266e-08
-6.730296104835713656e-04 -8.253187805204283828e-03 9.999657153733794157e-01 1.935134946898537672e-07
0.000000000000000000e+00 0.000000000000000000e+00 0.000000000000000000e+00 1.000000000000000000e+00
9.999996495603136193e-01 2.659072328377008482e-04 -7.938341099175188695e-04 -2.022991940083940364e-08
-2.607071022721038135e-04 9.999785565420492572e-01 6.543583718876387623e-03 -2.203261452687007946e-08
7.955570736086897948e-04 -6.543374467554484951e-03 9.999782754337818158e-01 1.553036175589611836e-07
0.000000000000000000e+00 0.000000000000000000e+00 0.000000000000000000e+00 1.000000000000000000e+00
9.999994747922785754e-01 -2.794481564412842011e-04 9.860648534067732382e-04 -2.539915661999090891e-08
2.745789200354220192e-04 9.999877864298041263e-01 4.934733796003573127e-03 -1.503603864714376158e-08
-9.874318122962901130e-04 -4.934460451620748499e-03 9.999873379590693556e-01 1.688511738966547577e-07
0.000000000000000000e+00 0.000000000000000000e+00 0.000000000000000000e+00 1.000000000000000000e+00
9.999867696867542621e-01 -4.962067256699528514e-03 1.355853971216975729e-03 -2.448984934559662350e-08
4.959640982723595611e-03 9.999861041621156410e-01 1.787020983817722659e-03 -2.328857063535362963e-08
-1.364702448800832408e-03 -1.780272792048096225e-03 9.999974841048416829e-01 1.612144970424586446e-07
