9.999757321201434568e-01 -2.527661069714241815e-03 6.492002795727102454e-03 1.429451760189706959e-03
2.559337054032216705e-03 9.999848392041648104e-01 -4.875567214494164539e-03 -7.336243360622558829e-03
-6.479580590357303382e-03 4.892064118124759761e-03 9.999670408288650059e-01 -1.123513467264126292e-02
0.000000000000000000e+00 0.000000000000000000e+00 0.000000000000000000e+00 1.000000000000000000e+00
9.999743487770222927e-01 -3.427082735894754120e-03 6.289426992320652603e-03 1.278955224697143943e-03
3.451046839176168373e-03 9.999868123862822866e-01 -3.803331333990186275e-03 -6.663773815882343028e-03
-6.276309718633367105e-03 3.824938881032157768e-03 9.999729885246262384e-01 -8.989757005459619865e-03
0.000000000000000000e+00 0.000000000000000000e+00 0.000000000000000000e+00 1.000000000000000000e+00
9.999807012210488733e-01 1.310418334398160897e-03 6.072889694986156883e-03 3.842425371930890824e-04
-1.225460898317770478e-03 9.999016318256213065e-01 -1.397229108083598847e-02 1.586653271354363610e-03
-6.090601862319534529e-03 1.396457934381798056e-02 9.998839408114847949e-01 -1.458870308058400102e-02
0.000000000000000000e+00 0.000000000000000000e+00 0.000000000000000000e+00 1.000000000000000000e+00
9.999829374791711079e-01 -3.247312459395768416e-04 5.832606633897494119e-03 9.552207836564610179e-04
3.856951130215492858e-04 9.999452792973417825e-01 -1.045416903630293215e-02 -1.593015322635063123e-03
-5.828892674227741794e-03 1.045624026970086960e-02 9.999283429574413740e-01 -1.225520297806677143e-02
0.000000000000000000e+00 0.000000000000000000e+00 0.000000000000000000e+00 1.000000000000000000e+00
9.999770689679324809e-01 1.726025306826362666e-03 6.548463555885916318e-03 -1.079182762031665995e-03
-1.658715399547198337e-03 9.999458835687849989e-01 -1.027027736070099985e-02 -4.084283902889546515e-04
-6.565835935041021074e-03 1.025917981529798212e-02 9.999258167624197613e-01 -1.295238698504331230e-02
0.000000000000000000e+00 0.000000000000000000e+00 0.000000000000000000e+00 1.000000000000000000e+00
9.999819477547070568e-01 1.014130737037968874e-03 5.922474444943834869e-03 2.855677149594363658e-05
-9.472014208817447663e-04 9.999357857262956006e-01 -1.129279564169250426e-02 4.668208471184907577e-04
-5.933546508716144342e-03 1.128698200516614625e-02 9.999186952262889561e-01 -1.421496118917235478e-02
0.000000000000000000e+00 0.000000000000000000e+00 0.000000000000000000e+00 1.000000000000000000e+00
9.999849648120593404e-01 2.155377687090411030e-03 5.042271001384822024e-03 -1.321203946735002637e-03
-2.101032101364600814e-03 9.999399175080125879e-01 -1.075857974726335611e-02 3.032641914673290650e-03
-5.065156851909814739e-03 1.074782401675718375e-02 9.999294117411341443e-01 -1.485638029175406945e-02
0.000000000000000000e+00 0.000000000000000000e+00 0.000000000000000000e+00 1.000000000000000000e+00
9.999840816811804700e-01 2.138603876117040233e-03 5.221375078217649693e-03 -1.444515301706573301e-03
-2.082241599922099711e-03 9.999397670253329373e-01 -1.077620486262839336e-02 2.864853880200011072e-03
-5.244106612753891145e-03 1.076516115916707934e-02 9.999283027552783309e-01 -1.446229875808684867e-02
0.000000000000000000e+00 0.000000000000000000e+00 0.000000000000000000e+00 1.000000000000000000e+00
9.999837808698099906e-01 3.856983469626539505e-03 4.190665321227422802e-03 -4.691298361347145669e-04
-3.842514678696309222e-03 9.999866482240884480e-01 -3.455206867447246141e-03 -1.316021390233529853e-03
-4.203936044175014472e-03 3.439048133986903708e-03 9.999852498260500822e-01 -1.197544118316883240e-02
0.000000000000000000e+00 0.000000000000000000e+00 0.000000000000000000e+00 1.000000000000000000e+00
9.999906520196145676e-01 3.387175051355284690e-03 2.687548800874917272e-03 1.768514466651444159e-03
-3.372925847212966156e-03 9.999803254255610341e-01 -5.288868784323143279e-03 7.659335960624631407e-05
-2.705410248892129669e-03 5.279754441265376019e-03 9.999824023193736311e-01 -1.364504402107547844e-02
0.000000000000000000e+00 0.000000000000000000e+00 0.000000000000000000e+00 1.000000000000000000e+00
9.999865003383561213e-01 1.102149760183454997e-03 5.077834868776300720e-03 -1.652973985820786404e-03
-1.082239909283724951e-03 9.999917232479185181e-01 -3.922013824132208025e-03 -1.142834454847479033e-03
-5.082115487391686802e-03 3.916465442724881112e-03 9.999794164884642234e-01 -1.262314539868930087e-02
0.000000000000000000e+00 0.000000000000000000e+00 0.000000000000000000e+00 1.000000000000000000e+00
9.999900071634039156e-01 1.257258634422600205e-03 4.290090215839146778e-03 -8.690918416906915408e-04
-1.238721892488379561e-03 9.999898982801391778e-01 -4.320752914873455391e-03 -4.963212518644235030e-04
-4.295479182459037079e-03 4.315395509624505438e-03 9.999814629382821618e-01 -1.175701828541739907e-02
0.000000000000000000e+00 0.000000000000000000e+00 0.000000000000000000e+00 1.000000000000000000e+00
9.999928347120510264e-01 -2.125767651348425477e-03 3.132353180562447853e-03 3.651112107258965359e-03
2.134045261143224011e-03 9.999942337550826732e-01 -2.641648615574825835e-03 -3.171184912031593112e-03
-3.126719587473627063e-03 2.648314270863038299e-03 9.999916049928336825e-01 -1.032962102226083791e-02
0.000000000000000000e+00 0.000000000000000000e+00 0.000000000000000000e+00 1.000000000000000000e+00
9.999939809765563403e-01 -1.699465618724829230e-03 3.024868140661684992e-03 3.578112959062043370e-03
1.706566568708328116e-03 9.999957907920205002e-01 -2.346492869604188940e-03 -3.765920022797100870e-03
-3.020867624406097570e-03 2.351640884852202254e-03 9.999926720451234319e-01 -1.070958019338003747e-02
0.000000000000000000e+00 0.000000000000000000e+00 0.000000000000000000e+00 1.000000000000000000e+00
9.999679537416271691e-01 7.696544093432666810e-04 7.968633626533622866e-03 -1.514653071161725087e-03
-6.980764287022944237e-04 9.999594231596141691e-01 -8.981354218135341808e-03 -4.716917537240497907e-03
-7.975222823434722011e-03 8.975503684033880880e-03 9.999279154791783641e-01 -9.896263075736716139e-03
0.000000000000000000e+00 0.000000000000000000e+00 0.000000000000000000e+00 1.000000000000000000e+00
9.999841265951695535e-01 -8.271194597200480199e-04 5.573368020900842240e-03 1.006634084497340289e-03
8.556378993877103781e-04 9.999865447034631538e-01 -5.116472985735370446e-03 -7.422270760129521736e-03
-5.569061095209775977e-03 5.121160554794282165e-03 9.999713792269707691e-01 -8.401868857558107695e-03
0.000000000000000000e+00 0.000000000000000000e+00 0.000000000000000000e+00 1.000000000000000000e+00
9.999764631343953658e-01 2.676491170973065267e-04 6.855767001228531624e-03 -4.291510061775312412e-03
-1.602421700844752599e-04 9.998773239768590226e-01 -1.566241741627598730e-02 1.507819408113179622e-03
-6.859117995190311748e-03 1.566095018908035541e-02 9.998538328873399772e-01 -1.551515214708069045e-02
0.000000000000000000e+00 0.000000000000000000e+00 0.000000000000000000e+00 1.000000000000000000e+00
9.999789961697603813e-01 -7.143645106201553093e-04 6.441808959020949715e-03 -3.637788916195311764e-03
7.873765605734760979e-04 9.999354050198099308e-01 -1.133868713831285950e-02 -2.172428079429440141e-03
-6.433292894810213082e-03 1.134352111183509031e-02 9.999149650201832884e-01 -1.265278239173266671e-02
0.000000000000000000e+00 0.000000000000000000e+00 0.000000000000000000e+00 1.000000000000000000e+00
9.999978138397275229e-01 -1.896986961958962818e-03 -8.796341468170387930e-04 -1.989268854627238969e-03
1.886743386326730125e-03 9.999320533838959024e-01 -1.150342622262517413e-02 1.962701205112172761e-03
9.013962282155287779e-04 1.150174143038286238e-02 9.999334464997698957e-01 -1.380058956791231119e-02
0.000000000000000000e+00 0.000000000000000000e+00 0.000000000000000000e+00 1.000000000000000000e+00
9.999981084051291491e-01 -1.434263460915213406e-03 1.313801540352581548e-03 -4.142700034259306358e-03
1.450843291069926462e-03 9.999182110657096612e-01 -1.270693640872623889e-02 2.607937398250353544e-03
-1.295468991333519103e-03 1.270881849250113382e-02 9.999184005170702605e-01 -1.438434049357587528e-02
0.000000000000000000e+00 0.000000000000000000e+00 0.000000000000000000e+00 1.000000000000000000e+00
9.999864489604614048e-01 -4.048951356685156523e-03 -3.272290995385931846e-03 5.299317862174457265e-04
4.014938833211406134e-03 9.999385354925933722e-01 -1.033467479379311660e-02 1.906407159841423237e-03
3.313934461159037757e-03 1.032139670001542067e-02 9.999412415779983521e-01 -1.376237678436565207e-02
0.000000000000000000e+00 0.000000000000000000e+00 0.000000000000000000e+00 1.000000000000000000e+00
9.999907454318220923e-01 -3.507005957101971133e-03 -2.491979118596916645e-03 -4.410770122311634617e-04
3.480529909209024476e-03 9.999382837065587948e-01 -1.055057768716299860e-02 1.957344346274485832e-03
2.528826261682132637e-03 1.054180663826706325e-02 9.999412359486626878e-01 -1.330737835546643572e-02
0.000000000000000000e+00 0.000000000000000000e+00 0.000000000000000000e+00 1.000000000000000000e+00
9.999957420378700057e-01 -2.274805503727046155e-03 -1.827885677565767612e-03 -1.833162104932696372e-03
2.262828023610867750e-03 9.999761307721023451e-01 -6.528207670575041088e-03 6.392373640938889441e-03
1.842692450084459010e-03 6.524043682778849287e-03 9.999770204052486067e-01 -1.490345701081268424e-02
0.000000000000000000e+00 0.000000000000000000e+00 0.000000000000000000e+00 1.000000000000000000e+00
9.999911581407908701e-01 -2.435292129056769971e-03 -3.428263771464964364e-03 1.352330111857083495e-04
2.408540287342347212e-03 9.999667884801664020e-01 -7.785940556229073092e-03 6.815605240990788710e-03
3.447110953368614714e-03 7.777614602629652311e-03 9.999638124138133799e-01 -1.595639234607509199e-02
0.000000000000000000e+00 0.000000000000000000e+00 0.000000000000000000e+00 1.000000000000000000e+00
9.999752901236493852e-01 2.079383263523564701e-03 -6.715303966935043042e-03 1.746351645425741868e-03
-2.046478957683510631e-03 9.999858858730450439e-01 4.903058084161593562e-03 2.256340658511266258e-03
6.725404523202595762e-03 -4.889194201939811579e-03 9.999654317595454422e-01 -1.171448983047186643e-02
0.000000000000000000e+00 0.000000000000000000e+00 0.000000000000000000e+00 1.000000000000000000e+00
9.999797275952386766e-01 2.071751807240593962e-03 -6.020983557602028503e-03 1.570626716329485625e-03
-2.089828855045037983e-03 9.999933234756712697e-01 -2.997602281535882533e-03 9.264851565542315398e-03
6.014733070414667558e-03 3.010124338103546335e-03 9.999773808129672759e-01 -1.469095883878040153e-02
0.000000000000000000e+00 0.000000000000000000e+00 0.000000000000000000e+00 1.000000000000000000e+00
9.999801661457990987e-01 8.687676800506925149e-04 -6.237993085699903607e-03 7.160614012196142575e-03
-8.144511796377549738e-04 9.999617822707077552e-01 8.704634815218346977e-03 -8.506889481898736310e-03
6.245316989162931140e-03 -8.699381627933331154e-03 9.999426567433734592e-01 -8.092468117493641783e-03
0.000000000000000000e+00 0.000000000000000000e+00 0.000000000000000000e+00 1.000000000000000000e+00
9.999825104918593777e-01 1.346392513273918668e-03 -5.758987549778982022e-03 6.204543997637619948e-03
-1.311007405185688921e-03 9.999802679336894373e-01 6.143696188042711316e-03 -5.495100919918094115e-03
5.767145739606178816e-03 -6.136038662494088143e-03 9.999645439012077031e-01 -8.449064058535465591e-03
0.000000000000000000e+00 0.000000000000000000e+00 0.000000000000000000e+00 1.000000000000000000e+00
9.999879583437087938e-01 2.123283202740705849e-03 4.424345829815455600e-03 -1.563097980286852614e-03
-2.109039013973763171e-03 9.999925863261379666e-01 -3.221683907396659038e-03 -1.711908347761192722e-03
-4.431153576483526021e-03 3.212313995019980533e-03 9.999850228462312529e-01 -1.385049119760170186e-02
0.000000000000000000e+00 0.000000000000000000e+00 0.000000000000000000e+00 1.000000000000000000e+00
9.999991619224362083e-01 5.042330820688239405e-04 1.192435920710068886e-03 1.505979989038682505e-03
-5.081528564866372513e-04 9.999944615090717859e-01 3.289184071475965022e-03 -7.044346959286454900e-03
-1.190770800992687608e-03 -3.289787254603887632e-03 9.999938796636301808e-01 -1.059330904577640044e-02
0.000000000000000000e+00 0.000000000000000000e+00 0.000000000000000000e+00 1.000000000000000000e+00
9.999966772145254534e-01 2.468695152866538789e-03 7.423638942053819483e-04 -5.645646016714777742e-05
-2.466769663670243494e-03 9.999936201326450336e-01 -2.583552096294820886e-03 1.354740050690586388e-03
-7.487371605595048978e-04 2.581712270971807822e-03 9.999963870706805036e-01 -1.359082159840266542e-02
0.000000000000000000e+00 0.000000000000000000e+00 0.000000000000000000e+00 1.000000000000000000e+00
9.999956971919625737e-01 2.702673603515378786e-03 1.140680916713433064e-03 -3.322150248591636268e-04
-2.699983406768688594e-03 9.999935857779580495e-01 -2.353400209525075091e-03 8.313920786878654934e-04
-1.147034072757544682e-03 2.350310263748194278e-03 9.999965801714023605e-01 -1.409508159822309321e-02
0.000000000000000000e+00 0.000000000000000000e+00 0.000000000000000000e+00 1.000000000000000000e+00
9.999930790661285540e-01 3.527420038885717424e-03 1.182847290397558322e-03 -1.310436348798962912e-03
-3.528075009834107361e-03 9.999936239183963016e-01 5.520953532027045568e-04 -6.392094675958272069e-03
-1.180892276254444460e-03 -5.562647061529756107e-04 9.999991480311409831e-01 -1.227680457096086072e-02
0.000000000000000000e+00 0.000000000000000000e+00 0.000000000000000000e+00 1.000000000000000000e+00
9.999961285406192557e-01 2.615926438413898689e-03 9.485950888208463964e-04 -8.652185878032509067e-04
-2.615083927674332134e-03 9.999961861026060994e-01 -8.883221784246636988e-04 -4.251771249189450867e-03
-9.509152564488812130e-04 8.858380835507866351e-04 9.999991555251762643e-01 -1.154132240201665924e-02
0.000000000000000000e+00 0.000000000000000000e+00 0.000000000000000000e+00 1.000000000000000000e+00
9.999953226789599636e-01 -2.413040358131558673e-03 -1.879323397826567063e-03 -3.525956247960586321e-03
2.402190017690549774e-03 9.999805571316243702e-01 -5.754549664714453047e-03 1.090633440353169000e-03
1.893172818972935515e-03 5.750008256931960979e-03 9.999816764829855265e-01 -1.535425522640228128e-02
0.000000000000000000e+00 0.000000000000000000e+00 0.000000000000000000e+00 1.000000000000000000e+00
9.999978422131420297e-01 -1.673277218681319288e-03 1.231142725202791222e-03 -6.653674374968930084e-03
1.676731473708612799e-03 9.999946460283103411e-01 -2.810068732235517213e-03 -1.577857207887885726e-03
-1.226434109706915632e-03 2.812126964462115502e-03 9.999952938895813048e-01 -1.348338648413340522e-02
0.000000000000000000e+00 0.000000000000000000e+00 0.000000000000000000e+00 1.000000000000000000e+00
9.999702150075185925e-01 -1.739629880526188336e-03 -7.519493712716893673e-03 1.510073642609203494e-03
1.726075727858007247e-03 9.999968747202737651e-01 -1.808649293470116978e-03 -2.612496148786102104e-03
7.522616592549956349e-03 1.795616207281205750e-03 9.999700925537913232e-01 -1.194065048696395237e-02
0.000000000000000000e+00 0.000000000000000000e+00 0.000000000000000000e+00 1.000000000000000000e+00
9.999790492056767066e-01 -1.629325907896758251e-03 -6.264698460231921985e-03 4.338521532831187072e-04
1.612135037260027529e-03 9.999949243134238497e-01 -2.748157203090662980e-03 -1.859390120026055328e-03
6.269144306316008948e-03 2.738000087128724357e-03 9.999766003188224062e-01 -1.282476953910719267e-02
0.000000000000000000e+00 0.000000000000000000e+00 0.000000000000000000e+00 1.000000000000000000e+00
9.999792386257467802e-01 -1.696896008933053770e-03 -6.216338263527239165e-03 -9.796145242940057420e-04
1.667964187878805691e-03 9.999877678902506783e-01 -4.656389732619717857e-03 9.882671385054177769e-04
6.224163633748679841e-03 4.645924429966506036e-03 9.999698371317268242e-01 -1.447520695732058306e-02
0.000000000000000000e+00 0.000000000000000000e+00 0.000000000000000000e+00 1.000000000000000000e+00
9.999786266392250988e-01 -1.798223371237913726e-03 -6.285909435859065100e-03 -8.892236848250725930e-04
1.773622913015598761e-03 9.999907557458409535e-01 -3.916973911583298239e-03 3.451073916014791502e-04
6.292894921346959929e-03 3.905741359682159391e-03 9.999725719528218537e-01 -1.366361995385361947e-02
0.000000000000000000e+00 0.000000000000000000e+00 0.000000000000000000e+00 1.000000000000000000e+00
9.999518754327401115e-01 -5.078882843363659999e-03 -8.393555123402040782e-03 3.947160013426307713e-03
5.094838206358977620e-03 9.999852528400783314e-01 1.880618519425905416e-03 -2.017145589872529430e-03
8.383879901169104948e-03 -1.923291820803362711e-03 9.999630050688749217e-01 -1.120607640108756652e-02
0.000000000000000000e+00 0.000000000000000000e+00 0.000000000000000000e+00 1.000000000000000000e+00
9.999604264769460515e-01 -4.256382812578847485e-03 -7.812085854400977782e-03 3.228567901179629947e-03
4.254889315521926708e-03 9.999909263293822459e-01 -2.077879111838932516e-04 -6.324946295674345811e-04
7.812899395000920746e-03 1.745401276503668047e-04 9.999694636031575268e-01 -1.288938651070909748e-02
0.000000000000000000e+00 0.000000000000000000e+00 0.000000000000000000e+00 1.000000000000000000e+00
9.999903389922700780e-01 -2.662664427442424687e-03 -3.497447679554046597e-03 1.287786380812724852e-03
2.665164392465250651e-03 9.999961961571420810e-01 7.103309137741299411e-04 -1.943641061021399597e-03
3.495543002956852906e-03 -7.196453242817388166e-04 9.999936316245826573e-01 -1.152768112180587758e-02
0.000000000000000000e+00 0.000000000000000000e+00 0.000000000000000000e+00 1.000000000000000000e+00
9.999834637819584593e-01 -3.150796201341010249e-03 -4.810888268531540030e-03 2.478052169185901085e-03
3.155692679709308241e-03 9.999945101917904200e-01 1.010539455827273465e-03 -2.069703151846568299e-03
4.807677853798905492e-03 -1.025704430218397911e-03 9.999879170090384406e-01 -1.142396140467500688e-02
0.000000000000000000e+00 0.000000000000000000e+00 0.000000000000000000e+00 1.000000000000000000e+00
9.999696007327627534e-01 -4.553884232797920928e-03 -6.329277111423762918e-03 9.265893492321288644e-03
4.547174641862904154e-03 9.999890847238585012e-01 -1.074074446186468797e-03 6.936240955992262875e-06
6.334099236301662418e-03 1.045261466727956867e-03 9.999793930953430054e-01 -9.651992383777936377e-03
0.000000000000000000e+00 0.000000000000000000e+00 0.000000000000000000e+00 1.000000000000000000e+00
9.999856949469656531e-01 -3.232767476240259140e-03 -4.261351414597691276e-03 6.926567950358888601e-03
3.235498110352866448e-03 9.999945647498543755e-01 6.340526226465770590e-04 -1.938106923312579591e-03
4.259278508390076587e-03 -6.478311469396664602e-04 9.999907193876316214e-01 -1.070131980103939534e-02
0.000000000000000000e+00 0.000000000000000000e+00 0.000000000000000000e+00 1.000000000000000000e+00
9.999501943037645280e-01 -5.701156233866781602e-04 9.964129667995789280e-03 5.815852205138314149e-03
5.578221796933323980e-04 9.999990799437670219e-01 1.236505574242388605e-03 -4.331988086126793355e-03
-9.964825451582467672e-03 -1.230885776691218424e-03 9.999495923164950506e-01 -1.079158989626342879e-02
0.000000000000000000e+00 0.000000000000000000e+00 0.000000000000000000e+00 1.000000000000000000e+00
9.999775328014937070e-01 -1.730167299536415539e-03 6.476141857119542371e-03 8.867289880641171518e-03
1.738163227276428181e-03 9.999977338640437807e-01 -1.229249922517621071e-03 -1.895988003411702271e-03
-6.474000373282726498e-03 1.240478896346262558e-03 9.999782740296281336e-01 -1.052432016751470543e-02
0.000000000000000000e+00 0.000000000000000000e+00 0.000000000000000000e+00 1.000000000000000000e+00
9.998813275147988566e-01 6.022950500092928879e-03 1.417938484271314900e-02 -1.700543599708901786e-03
-5.992330023707171348e-03 9.999796235747618889e-01 -2.201003444608556989e-03 -2.265219038479632414e-03
-1.419235245233542615e-02 2.115774692549165538e-03 9.998970450147950384e-01 -1.179064338408013918e-02
0.000000000000000000e+00 0.000000000000000000e+00 0.000000000000000000e+00 1.000000000000000000e+00
9.999139533744962893e-01 4.365652688012000050e-03 1.237040515074219228e-02 3.917233929420554841e-04
-4.342177083477622400e-03 9.999887219003822381e-01 -1.923946521057496792e-03 -2.159475698439294357e-03
-1.237866491838183862e-02 1.870066482192823086e-03 9.999216326823769929e-01 -1.145330753663390162e-02
0.000000000000000000e+00 0.000000000000000000e+00 0.000000000000000000e+00 1.000000000000000000e+00
9.999139078519707624e-01 5.308266445371824342e-03 1.199996631433871905e-02 1.162435035284138072e-04
-5.280265831659804524e-03 9.999832653135736216e-01 -2.363870882813000340e-03 -3.138337446170471386e-03
-1.201231355515373564e-02 2.300304359980365806e-03 9.999252036642061192e-01 -1.244091131471453636e-02
0.000000000000000000e+00 0.000000000000000000e+00 0.000000000000000000e+00 1.000000000000000000e+00
9.999146859477108240e-01 5.044594922096276406e-03 1.204877123043654637e-02 9.912725388170785389e-05
-5.013258377183586051e-03 9.999839761017472739e-01 -2.629596962073369858e-03 -2.661759211472544857e-03
-1.206184341363431521e-02 2.568969017194892152e-03 9.999239532742747461e-01 -1.146484087174707428e-02
0.000000000000000000e+00 0.000000000000000000e+00 0.000000000000000000e+00 1.000000000000000000e+00
9.999351436565825368e-01 5.346436612620371516e-03 1.005604773444941820e-02 -6.147492121740049525e-03
-5.337663087952955118e-03 9.999853503795460563e-01 -8.990990247164193329e-04 8.763251320258214376e-04
-1.006070739311095905e-02 8.453649176384406359e-04 9.999490324636085559e-01 -1.257063113376917333e-02
0.000000000000000000e+00 0.000000000000000000e+00 0.000000000000000000e+00 1.000000000000000000e+00
9.999357321226193251e-01 5.225837582890442180e-03 1.006092669477987554e-02 -5.807391459625176749e-03
-5.210352115015797793e-03 9.999852017600853182e-01 -1.564765694529943619e-03 1.196517896230959695e-03
-1.006895502214777589e-02 1.512244159676995195e-03 9.999481632876594528e-01 -1.289152814359619328e-02
0.000000000000000000e+00 0.000000000000000000e+00 0.000000000000000000e+00 1.000000000000000000e+00
9.999973485095869918e-01 1.951837647946994773e-03 -1.222008016202906977e-03 5.707097452414763589e-04
-1.944365368886747519e-03 9.999795875642493170e-01 6.086369865973372331e-03 -7.767544521632374806e-03
1.233862677886525408e-03 -6.083977697954812830e-03 9.999807312134882942e-01 -7.903154713030973583e-03
0.000000000000000000e+00 0.000000000000000000e+00 0.000000000000000000e+00 1.000000000000000000e+00
9.999971031870799054e-01 2.202263167084063909e-03 9.714187515493764857e-04 -1.175358381774443484e-03
-2.206511677611260481e-03 9.999879104738156332e-01 4.394338679455963084e-03 -6.171777433995166880e-03
-9.617295173394844370e-04 -4.396469396698052083e-03 9.999898730153113924e-01 -8.318780660453828357e-03
0.000000000000000000e+00 0.000000000000000000e+00 0.000000000000000000e+00 1.000000000000000000e+00
9.999928238135139535e-01 3.541933600022798955e-03 1.344257358824642919e-03 -1.793453186029234092e-03
-3.536058534770675568e-03 9.999842955168146696e-01 -4.347989164840202272e-03 -6.313933871233681425e-04
-1.359636536873031713e-03 4.343204590152514345e-03 9.999896439275640647e-01 -1.066984785808709237e-02
0.000000000000000000e+00 0.000000000000000000e+00 0.000000000000000000e+00 1.000000000000000000e+00
9.999952876671627244e-01 2.913890433422395773e-03 9.663777780651149757e-04 -1.510355102014226611e-03
-2.913338900150468612e-03 9.999955928325483523e-01 -5.716396878713647742e-04 -3.361172666926603297e-03
-9.680392144942797251e-04 5.688216081418149628e-04 9.999993696708300295e-01 -9.314261091502564968e-03
0.000000000000000000e+00 0.000000000000000000e+00 0.000000000000000000e+00 1.000000000000000000e+00
9.999940363760254636e-01 1.397400556442584207e-04 -3.450751382296907838e-03 4.336743013285445768e-04
-1.353215779554896336e-04 9.999991708248147093e-01 1.280639587499590292e-03 -5.921006383379856866e-03
3.450927477666712075e-03 -1.280164989124460808e-03 9.999932261156300184e-01 -7.594464779265328903e-03
0.000000000000000000e+00 0.000000000000000000e+00 0.000000000000000000e+00 1.000000000000000000e+00
9.999971616000232766e-01 7.694471382089859571e-04 -2.254937470874396159e-03 -4.682811017442175682e-04
-7.682727006362418060e-04 9.999995688194590615e-01 5.216492619056985235e-04 -5.154084411158977273e-03
2.255337880120962708e-03 -5.199153743559329971e-04 9.999973215659381243e-01 -8.302055130532223076e-03
0.000000000000000000e+00 0.000000000000000000e+00 0.000000000000000000e+00 1.000000000000000000e+00
9.999968736114325241e-01 2.206917429410149446e-03 -1.175705244504973105e-03 1.473378424040599089e-03
-2.216913007983788587e-03 9.999608244538968904e-01 -8.569413877115492767e-03 -4.695530422558853202e-03
1.156747196764718955e-03 8.571993522048007227e-03 9.999625907317637452e-01 -8.167832131274763499e-03
0.000000000000000000e+00 0.000000000000000000e+00 0.000000000000000000e+00 1.000000000000000000e+00
9.999973998947587761e-01 2.172496809662518343e-03 -6.931531814801960602e-04 8.307434086740656150e-04
-2.174746287906048365e-03 9.999923174840751328e-01 -3.261203982099401648e-03 -8.065669999345836255e-03
6.860629010730701950e-04 3.262702934934207880e-03 9.999944420281816626e-01 -6.639056517870950067e-03
0.000000000000000000e+00 0.000000000000000000e+00 0.000000000000000000e+00 1.000000000000000000e+00
9.999680174119711662e-01 7.995983569217284329e-03 1.685227931226100108e-04 -7.125083153259274132e-04
-7.992524695780359525e-03 9.998539010470163246e-01 -1.510947087260468800e-02 -1.260403975300699577e-03
-2.893132529558928583e-04 1.510764071003663743e-02 9.998858312277546512e-01 -8.017043647994420014e-03
0.000000000000000000e+00 0.000000000000000000e+00 0.000000000000000000e+00 1.000000000000000000e+00
9.999784609127025936e-01 6.507394971217539230e-03 -8.552902142527683913e-04 3.870051205441263830e-04
-6.516650834962793050e-03 9.999148546233771473e-01 -1.130560769730752646e-02 -3.796702248670549319e-03
7.816473355693339363e-04 1.131093781252523293e-02 9.999357237909062279e-01 -7.902693782397692338e-03
0.000000000000000000e+00 0.000000000000000000e+00 0.000000000000000000e+00 1.000000000000000000e+00
9.999771190836546086e-01 6.726789065778470723e-03 7.152747853296927789e-04 6.725037985282930446e-03
-6.711349030592450582e-03 9.997823463662993682e-01 -1.975392843175511129e-02 5.391090164251913577e-04
-8.479996129544741749e-04 1.974867598503404764e-02 9.998046162593435815e-01 -6.195080290054195450e-03
0.000000000000000000e+00 0.000000000000000000e+00 0.000000000000000000e+00 1.000000000000000000e+00
9.999703358776306228e-01 7.546984811872181100e-03 1.539605477666178193e-03 5.483602030535268505e-03
-7.519859489484641453e-03 9.998285225615328731e-01 -1.692268257933206635e-02 -1.694701769036102441e-03
-1.667056698464969983e-03 1.691060296594393622e-02 9.998556157912461551e-01 -7.147555747824484509e-03
0.000000000000000000e+00 0.000000000000000000e+00 0.000000000000000000e+00 1.000000000000000000e+00
9.997862766615874808e-01 1.966140687233729461e-03 2.057997303101196870e-02 -2.169728950979164447e-03
-1.621031104945164962e-03 9.998580182577481157e-01 -1.677246504976211486e-02 6.031257673105252029e-03
-2.061002807654507829e-02 1.673551960611606784e-02 9.996475124393588985e-01 -7.859755404413899457e-03
0.000000000000000000e+00 0.000000000000000000e+00 0.000000000000000000e+00 1.000000000000000000e+00
9.998682527194413527e-01 2.210397582063959327e-03 1.608077567472864303e-02 1.386133148262657473e-03
-1.907697053202698188e-03 9.998211660169016302e-01 -1.881479940248123942e-02 6.538265846095226569e-03
-1.611948807266968750e-02 1.878164335545780619e-02 9.996936590661879007e-01 -9.575867410064156302e-03
0.000000000000000000e+00 0.000000000000000000e+00 0.000000000000000000e+00 1.000000000000000000e+00
9.999218876858754212e-01 6.234463008133572359e-04 1.248318234366345772e-02 -6.996829360630281262e-03
-6.298926364115074294e-04 9.999996703014487620e-01 5.124765945006705794e-04 -2.410170280584199212e-03
-1.248285872633923474e-02 -5.202996284051963688e-04 9.999219507173124910e-01 -3.026427351561720644e-03
0.000000000000000000e+00 0.000000000000000000e+00 0.000000000000000000e+00 1.000000000000000000e+00
9.999089842036579245e-01 3.870774033050104214e-04 1.348604760088978165e-02 -6.931171557730530022e-03
-3.419484913319158128e-04 9.999943353402154234e-01 -3.348486032524609218e-03 2.310004677356169522e-04
-1.348726733029676286e-02 3.343569733770665551e-03 9.999034524199806873e-01 -4.785709895886159498e-03
0.000000000000000000e+00 0.000000000000000000e+00 0.000000000000000000e+00 1.000000000000000000e+00
9.999898385747126861e-01 3.816850994589083071e-03 -2.398832175298684470e-03 -1.021720199153308478e-03
-3.834774248815696774e-03 9.999644314864473138e-01 -7.512008283231367753e-03 1.353281087935598488e-03
2.370074636116724191e-03 7.521130930373508272e-03 9.999689071844924948e-01 -1.136057932054467673e-03
0.000000000000000000e+00 0.000000000000000000e+00 0.000000000000000000e+00 1.000000000000000000e+00
9.999915236180604294e-01 4.107194875044619872e-03 2.892097679626557771e-04 -2.992917202373942577e-03
-4.105274046770967210e-03 9.999713769189297885e-01 -6.355475423652213324e-03 5.544505360024406257e-04
-3.153046659765165846e-04 6.354234266860616341e-03 9.999797619401352700e-01 -1.201314797511886375e-03
0.000000000000000000e+00 0.000000000000000000e+00 0.000000000000000000e+00 1.000000000000000000e+00
9.999955540405567334e-01 1.909221129798433078e-03 -2.290583724298267312e-03 2.177563705118830493e-03
-1.923743437658694119e-03 9.999779586327538494e-01 -6.354640812569414474e-03 5.377372521701522315e-03
2.278400822189554590e-03 6.359019055502112931e-03 9.999771856229253686e-01 1.914812418529870594e-03
0.000000000000000000e+00 0.000000000000000000e+00 0.000000000000000000e+00 1.000000000000000000e+00
9.999947907326379726e-01 3.084936968245892246e-03 -9.495638419022355914e-04 1.035513527813314814e-03
-3.091131961728173661e-03 9.999734868314614777e-01 -6.593219041141263129e-03 4.766632264032080735e-03
9.291990007962932802e-04 6.596119922441900756e-03 9.999778136494755776e-01 -2.834938751420370759e-04
0.000000000000000000e+00 0.000000000000000000e+00 0.000000000000000000e+00 1.000000000000000000e+00
9.999931096816737641e-01 -1.582808403282854812e-03 3.357872352347537892e-03 2.029992565924100979e-03
1.580744304166544194e-03 9.999985601119247836e-01 6.172694085194848843e-04 8.776750495231482388e-04
-3.358844536594072713e-03 -6.119572177416747298e-04 9.999941718188876116e-01 4.816963700156062962e-03
0.000000000000000000e+00 0.000000000000000000e+00 0.000000000000000000e+00 1.000000000000000000e+00
9.999906152288493555e-01 -8.724941329468993917e-04 4.243607924387827503e-03 1.209607480764454419e-03
8.802652540097501664e-04 9.999979386077040289e-01 -1.829730424187261820e-03 2.216837083304224777e-03
-4.242002747587167444e-03 1.833448753193444788e-03 9.999893218821687135e-01 2.763353229050068052e-03
0.000000000000000000e+00 0.000000000000000000e+00 0.000000000000000000e+00 1.000000000000000000e+00
9.999726530800098212e-01 -3.212066039247193569e-03 6.661510630922663767e-03 -1.061130038906454853e-03
3.218175012648879108e-03 9.999944107526848036e-01 -9.065390109195760500e-04 3.571507349313988566e-03
-6.658561534922031490e-03 9.279521269287046431e-04 9.999774009762101290e-01 4.144822793790335809e-03
0.000000000000000000e+00 0.000000000000000000e+00 0.000000000000000000e+00 1.000000000000000000e+00
9.999738733691396764e-01 -3.013112297303397694e-03 6.570672218571723712e-03 -1.054340804642321053e-03
3.017632647232648246e-03 9.999952169894158471e-01 -6.781530039519750560e-04 3.191258313079678270e-03
-6.568597439821301578e-03 6.979631610997997452e-04 9.999781829495578700e-01 3.644086180777742975e-03
0.000000000000000000e+00 0.000000000000000000e+00 0.000000000000000000e+00 1.000000000000000000e+00
9.999831483343702976e-01 -5.096172513675990140e-03 2.780660531957816241e-03 4.163430071269931228e-04
5.086409713274568818e-03 9.999809151688253683e-01 3.506812562351789477e-03 4.028574932833218700e-03
-2.798478785311884175e-03 -3.492609887979989704e-03 9.999899850461791972e-01 6.791799610942257127e-03
0.000000000000000000e+00 0.000000000000000000e+00 0.000000000000000000e+00 1.000000000000000000e+00
9.999816679343566106e-01 -4.476939643803035281e-03 4.076862353515689485e-03 -3.941152836108362625e-04
4.467799530531995668e-03 9.999874918737615692e-01 2.248302332599464229e-03 4.486765458334656016e-03
-4.086876873450784493e-03 -2.230046512864433932e-03 9.999891621062556579e-01 5.211837912565729126e-03
0.000000000000000000e+00 0.000000000000000000e+00 0.000000000000000000e+00 1.000000000000000000e+00
9.999878586992041463e-01 -4.539029634987706494e-03 1.918245071119249225e-03 9.728367772421094668e-04
4.525993413310906190e-03 9.999669997149578382e-01 6.746470535650897840e-03 4.455904619680884846e-03
-1.948804198178009754e-03 -6.737706660165813932e-03 9.999754024330590463e-01 8.516326174827016857e-03
0.000000000000000000e+00 0.000000000000000000e+00 0.000000000000000000e+00 1.000000000000000000e+00
9.999891234420584807e-01 -4.162413886600688923e-03 2.104116968657622922e-03 8.866283056246573998e-04
4.151799574510161954e-03 9.999787608156556207e-01 5.023990234744160621e-03 5.269470569550820625e-03
-2.124984205648691119e-03 -5.015199719088084783e-03 9.999851659969279938e-01 7.101251614230204290e-03
0.000000000000000000e+00 0.000000000000000000e+00 0.000000000000000000e+00 1.000000000000000000e+00
9.999998144927111365e-01 -1.281875619024170222e-04 5.954682977826137105e-04 3.330234179483252972e-03
1.224799798589301506e-04 9.999541492331789350e-01 9.575198692591680230e-03 7.841611293530731906e-04
-5.966684164796808888e-04 -9.575123983377391290e-03 9.999539794348057953e-01 1.168800230934635698e-02
0.000000000000000000e+00 0.000000000000000000e+00 0.000000000000000000e+00 1.000000000000000000e+00
9.999995069960684324e-01 -7.932382091513759436e-04 5.973112776519118794e-04 3.418443447632517167e-03
7.883025873215871457e-04 9.999659172232422399e-01 8.218453072852495433e-03 1.668067084233824634e-03
-6.038101106224856530e-04 -8.217978159097222290e-03 9.999660495478466249e-01 1.055200137595276727e-02
0.000000000000000000e+00 0.000000000000000000e+00 0.000000000000000000e+00 1.000000000000000000e+00
9.999748896018049171e-01 2.999045718054009577e-03 6.420739103751218514e-03 1.347367907865293065e-03
-3.023435127769287436e-03 9.999882389396519411e-01 3.792205479701487615e-03 3.546505886526360712e-03
-6.409290591445268408e-03 -3.811522944064380837e-03 9.999721962569566580e-01 1.014396468213416003e-02
0.000000000000000000e+00 0.000000000000000000e+00 0.000000000000000000e+00 1.000000000000000000e+00
9.999853736521052694e-01 2.065050453638243855e-03 4.998804705463131409e-03 2.365920624332463855e-03
-2.092028942595663098e-03 9.999832435038311651e-01 5.397789034411007089e-03 2.399147916860888338e-03
-4.987574236317077712e-03 -5.408167728592941370e-03 9.999729375463395353e-01 1.050528827918329605e-02
0.000000000000000000e+00 0.000000000000000000e+00 0.000000000000000000e+00 1.000000000000000000e+00
9.999592368896744743e-01 5.457785963692775473e-04 9.012584798134975345e-03 -1.085271612869565411e-04
-5.934633403733234050e-04 9.999858366163205670e-01 5.289080073227859363e-03 3.082806437772444598e-03
-9.009570482740076811e-03 -5.294213112553012787e-03 9.999453979829276973e-01 1.076813608800406170e-02
0.000000000000000000e+00 0.000000000000000000e+00 0.000000000000000000e+00 1.000000000000000000e+00
9.999651462697767279e-01 6.182354491685170157e-04 8.326105367597456258e-03 4.243867041374802147e-04
-6.570388821682458759e-04 9.999889331585266605e-01 4.658525558473228766e-03 3.480393374436053372e-03
-8.323133158268158915e-03 -4.663833766443719296e-03 9.999544860187532525e-01 1.058700421463222401e-02
0.000000000000000000e+00 0.000000000000000000e+00 0.000000000000000000e+00 1.000000000000000000e+00
9.999805980977710673e-01 -8.587709026066668908e-05 6.228647778614810997e-03 -1.280105829199169746e-03
5.230369083572082020e-05 9.999854718232311646e-01 5.390121222420660337e-03 2.451464853263375741e-03
-6.229020175645590997e-03 -5.389690862547958337e-03 9.999660746945655543e-01 1.164235895412478461e-02
0.000000000000000000e+00 0.000000000000000000e+00 0.000000000000000000e+00 1.000000000000000000e+00
9.999747618366849888e-01 -7.127504733252221746e-05 7.104266994711433587e-03 -1.843980517964948331e-03
3.264461575241404446e-05 9.999852155807624765e-01 5.437605559986420818e-03 2.542679622661591938e-03
-7.104549527843468520e-03 -5.437236408743021873e-03 9.999599801173260083e-01 1.173697012127534328e-02
0.000000000000000000e+00 0.000000000000000000e+00 0.000000000000000000e+00 1.000000000000000000e+00
9.999966033303727686e-01 -6.732198404123634732e-04 2.517956068520843527e-03 -5.979944138494526669e-04
6.588608256910080153e-04 9.999835427419675460e-01 5.699135692114385907e-03 1.647808037223281704e-03
-2.521751401089242575e-03 -5.697457351418919527e-03 9.999805896864200072e-01 1.227160871666413931e-02
0.000000000000000000e+00 0.000000000000000000e+00 0.000000000000000000e+00 1.000000000000000000e+00
9.999935344673590576e-01 -4.588680051670309453e-04 3.566575897518167639e-03 -1.399244212348247285e-03
4.398728857632283411e-04 9.999857262418467840e-01 5.324830927778128643e-03 2.079337462585492593e-03
-3.568968383622057351e-03 -5.323227659877629789e-03 9.999794626450879687e-01 1.243275929628065435e-02
0.000000000000000000e+00 0.000000000000000000e+00 0.000000000000000000e+00 1.000000000000000000e+00
9.999973745836991945e-01 -2.290366037646492103e-03 -7.105718804671862579e-05 -2.747404136013190351e-04
2.290584252292390127e-03 9.999921274813875494e-01 3.240092441750279557e-03 5.368846362080651954e-03
6.363563096026719811e-05 -3.240246697634713031e-03 9.999947483621325350e-01 1.238980558228414651e-02
0.000000000000000000e+00 0.000000000000000000e+00 0.000000000000000000e+00 1.000000000000000000e+00
9.999978095865623695e-01 -1.917642371893149090e-03 8.387310720107834074e-04 -1.025224195403683612e-03
1.914404169914898099e-03 9.999907764503058738e-01 3.844745893853697329e-03 4.791242554633793997e-03
-8.460961835682758803e-04 -3.843131802008934155e-03 9.999922571996248122e-01 1.226208995808582107e-02
0.000000000000000000e+00 0.000000000000000000e+00 0.000000000000000000e+00 1.000000000000000000e+00
9.999708425272391121e-01 -7.284156230026758889e-03 -2.292414312440311901e-03 1.774736568635287360e-03
7.302969249208245486e-03 9.999388187154906182e-01 8.308156595382204176e-03 -7.568513040299582268e-04
2.231756148963752028e-03 -8.324655781762765883e-03 9.999628589955760205e-01 1.570807355165093275e-02
0.000000000000000000e+00 0.000000000000000000e+00 0.000000000000000000e+00 1.000000000000000000e+00
9.999792095799723279e-01 -6.384039201145391348e-03 -9.079930023697235092e-04 5.469590675774529303e-04
6.390003977184090592e-03 9.999569672611064997e-01 6.725434940716388220e-03 5.708999464522113458e-04
8.650184886376491734e-04 -6.731097194995496434e-03 9.999769717716330275e-01 1.493477820140481048e-02
0.000000000000000000e+00 0.000000000000000000e+00 0.000000000000000000e+00 1.000000000000000000e+00
9.999759674029781165e-01 -6.395552274638510379e-03 -2.676103058666316585e-03 8.999290218137719760e-04
6.396943376098957086e-03 9.999794084849198406e-01 5.115873264976518106e-04 -5.192801783205212201e-04
2.672776070160185358e-03 -5.286939114604911763e-04 9.999962883685254988e-01 1.459775393529450134e-02
0.000000000000000000e+00 0.000000000000000000e+00 0.000000000000000000e+00 1.000000000000000000e+00
9.999717602256099624e-01 -6.828307761021679308e-03 -3.138943200402522209e-03 1.133638230735540230e-03
6.839704713613492353e-03 9.999700038184241579e-01 3.634542998996704959e-03 -2.599412310965132280e-03
3.114031265924510020e-03 -3.655909804925967614e-03 9.999884684998985307e-01 1.624116046820623521e-02
0.000000000000000000e+00 0.000000000000000000e+00 0.000000000000000000e+00 1.000000000000000000e+00
9.999745806769784195e-01 -5.550055120283422898e-03 -4.476034859504939706e-03 6.211379442604825565e-03
5.529679237077945834e-03 9.999743514742056583e-01 -4.551817359739619706e-03 -1.862711900338914718e-03
4.501182893053404070e-03 4.526950618596772835e-03 9.999796228277150201e-01 1.596438684986178913e-02
