9.999749840640385079e-01 2.358216064303625143e-03 -6.668587790585842577e-03 -1.222913003483450025e-03
-2.324958542158971596e-03 9.999848443578653878e-01 4.990553311287100266e-03 7.324673692707798535e-03
6.680255526844195400e-03 -4.974924277777189631e-03 9.999653115556189631e-01 1.132117367029515306e-02
0.000000000000000000e+00 0.000000000000000000e+00 0.000000000000000000e+00 1.000000000000000000e+00
9.999801844370812542e-01 -1.312524305104780008e-03 -6.156948361782303529e-03 -3.490892309528535395e-04
1.398735736990170406e-03 9.999007512955879751e-01 1.401895491311115974e-02 -1.443475335324794460e-03
6.137937073578647075e-03 -1.402728906333245394e-02 9.998827735739896916e-01 1.460081467103700736e-02
0.000000000000000000e+00 0.000000000000000000e+00 0.000000000000000000e+00 1.000000000000000000e+00
9.999769137164996602e-01 -1.739192089915339795e-03 -6.568656247560629956e-03 1.023554643616720770e-03
1.806375626867967295e-03 9.999459807251993571e-01 1.023585065411272178e-02 6.070951689152216408e-04
6.550499303022534574e-03 -1.024747980690953256e-02 9.999260373230053345e-01 1.294511717259468585e-02
0.000000000000000000e+00 0.000000000000000000e+00 0.000000000000000000e+00 1.000000000000000000e+00
9.999858883439364243e-01 -2.078315333124795827e-03 -4.889142906899633483e-03 1.047586779191874958e-03
2.131607913935427544e-03 9.999380991905106875e-01 1.092034958091268361e-02 -3.086411875832681395e-03
4.866144335018891300e-03 -1.093061721240801837e-02 9.999284185613823706e-01 1.477655503274719583e-02
0.000000000000000000e+00 0.000000000000000000e+00 0.000000000000000000e+00 1.000000000000000000e+00
9.999838940075937987e-01 -3.817408285660159155e-03 -4.199895164063765542e-03 4.078748905088141140e-04
3.831712617335741693e-03 9.999868682901137396e-01 3.403120002060160999e-03 1.384988604583936925e-03
4.186848913765960425e-03 -3.419157982726889373e-03 9.999853897207009457e-01 1.191401004627566824e-02
0.000000000000000000e+00 0.000000000000000000e+00 0.000000000000000000e+00 1.000000000000000000e+00
9.999861481790054407e-01 -1.023123714060652101e-03 -5.163009585696155292e-03 1.668753535737252120e-03
1.042917865873194952e-03 9.999921116996141057e-01 3.832604971906195153e-03 1.243828923935146047e-03
5.159047629292271876e-03 -3.837936478286777930e-03 9.999793270218879648e-01 1.254145072552756077e-02
0.000000000000000000e+00 0.000000000000000000e+00 0.000000000000000000e+00 1.000000000000000000e+00
9.999925940699327942e-01 2.899091728680508635e-03 -2.531219554732059684e-03 -4.455383531458496395e-03
-2.892951130839805512e-03 9.999928720595601117e-01 2.426244799591741920e-03 3.535767698769614643e-03
2.538235418580090091e-03 -2.418904136519160059e-03 9.999938531129771713e-01 1.003033000999266518e-02
0.000000000000000000e+00 0.000000000000000000e+00 0.000000000000000000e+00 1.000000000000000000e+00
9.999713156972802608e-01 -3.381283646799892084e-04 -7.566601077109121228e-03 8.820136515982931850e-04
4.043486662511372258e-04 9.999616201646697178e-01 8.751839795399550884e-03 5.132739981834995996e-03
7.563351426927814557e-03 -8.754648300031094010e-03 9.999330736846019363e-01 1.041161630222055615e-02
0.000000000000000000e+00 0.000000000000000000e+00 0.000000000000000000e+00 1.000000000000000000e+00
9.999772883737231277e-01 -2.012338807400366092e-04 -6.736634297737084144e-03 4.075414304690536116e-03
3.069313234893674336e-04 9.998768165712834666e-01 1.569259304378960856e-02 -1.250349190351386988e-03
6.732646574629204579e-03 -1.569430432356196808e-02 9.998541695076847979e-01 1.564203417160696039e-02
0.000000000000000000e+00 0.000000000000000000e+00 0.000000000000000000e+00 1.000000000000000000e+00
9.999978575007618664e-01 1.894357095996833688e-03 8.345088843457008085e-04 2.088267619428135508e-03
-1.903737925334395660e-03 9.999333474867505567e-01 1.138755311083468683e-02 -1.687725142109721722e-03
-8.128811701896789714e-04 -1.138911739922298695e-02 9.999348114897638196e-01 1.386778902318813386e-02
0.000000000000000000e+00 0.000000000000000000e+00 0.000000000000000000e+00 1.000000000000000000e+00
9.999866106641511765e-01 3.987910785813274586e-03 3.297735584870488401e-03 -4.618877763630921591e-04
-4.021779870979149546e-03 9.999385732455786657e-01 1.032836009570423097e-02 -1.760257081839778758e-03
-3.256344437051150904e-03 -1.034148457241718805e-02 9.999412232315186833e-01 1.375374882700094482e-02
0.000000000000000000e+00 0.000000000000000000e+00 0.000000000000000000e+00 1.000000000000000000e+00
9.999957475619017933e-01 2.282146185745360586e-03 1.815672575137848316e-03 1.875585021089543449e-03
-2.294113744243893912e-03 9.999754778414746692e-01 6.616702943524076924e-03 -6.390421709274902995e-03
-1.800527767542356829e-03 -6.620840165814069304e-03 9.999764610105863483e-01 1.488193097532980111e-02
0.000000000000000000e+00 0.000000000000000000e+00 0.000000000000000000e+00 1.000000000000000000e+00
9.999758502802849058e-01 -2.178626770621842294e-03 6.599427370252330255e-03 -1.507165279933297009e-03
2.208231636846837154e-03 9.999875175492565216e-01 -4.482015028239980450e-03 -2.697090686462867964e-03
-6.589580355298384727e-03 4.496479853137357041e-03 9.999681790435490658e-01 1.171767690135236926e-02
0.000000000000000000e+00 0.000000000000000000e+00 0.000000000000000000e+00 1.000000000000000000e+00
9.999798932556179798e-01 -7.948401305646464422e-04 6.291368185828951493e-03 -7.155516128271951007e-03
8.477596021782914017e-04 9.999642486394711982e-01 -8.413248276156635660e-03 8.177924336605453190e-03
-6.284456073498418185e-03 8.418412680914503718e-03 9.999448164472851674e-01 8.124985401174103852e-03
0.000000000000000000e+00 0.000000000000000000e+00 0.000000000000000000e+00 1.000000000000000000e+00
9.999871928462185089e-01 -2.293887742176330038e-03 -4.511343764927320393e-03 1.636260130682561835e-03
2.307831311711090305e-03 9.999925690378362875e-01 3.088006435149349624e-03 1.905386298052635756e-03
4.504226701193145277e-03 -3.098378306974649415e-03 9.999850558851821614e-01 1.389301152001804970e-02
0.000000000000000000e+00 0.000000000000000000e+00 0.000000000000000000e+00 1.000000000000000000e+00
9.999966951946346327e-01 -2.451106134508207728e-03 -7.756793962493807853e-04 7.968655481719669740e-05
2.453118750006780431e-03 9.999935995765677488e-01 2.604422065962159246e-03 -1.350238879384057676e-03
7.692907166700673144e-04 -2.606316292525063215e-03 9.999963076467709433e-01 1.355548946840839236e-02
0.000000000000000000e+00 0.000000000000000000e+00 0.000000000000000000e+00 1.000000000000000000e+00
9.999921613638772522e-01 -3.636260432213812149e-03 -1.566786797941223646e-03 1.644001262367192611e-03
3.635066695672406999e-03 9.999931012149330112e-01 -7.640763433261886940e-04 6.654307296399832559e-03
1.569554369590283206e-03 7.583749795013458367e-04 9.999984806820819694e-01 1.245876887199592366e-02
0.000000000000000000e+00 0.000000000000000000e+00 0.000000000000000000e+00 1.000000000000000000e+00
9.999954526464804871e-01 2.348453382273295829e-03 1.891944257274067722e-03 3.573610899036673300e-03
-2.359349530217338085e-03 9.999805254291621592e-01 5.777735907058077942e-03 -1.033860458517221531e-03
-1.878338669038792912e-03 -5.782173391444950065e-03 9.999815189865833842e-01 1.544407839009829912e-02
0.000000000000000000e+00 0.000000000000000000e+00 0.000000000000000000e+00 1.000000000000000000e+00
9.999697530127051870e-01 1.749563413816277672e-03 7.578396108087326680e-03 -1.471789270034277314e-03
-1.763067691049962802e-03 9.999968693604220915e-01 1.775629936489631425e-03 2.641690074252455236e-03
-7.575265805687176994e-03 -1.788937454361651160e-03 9.999697070665475307e-01 1.190632110748272680e-02
0.000000000000000000e+00 0.000000000000000000e+00 0.000000000000000000e+00 1.000000000000000000e+00
9.999791612547550557e-01 1.674993342125928554e-03 6.234697550007798836e-03 1.060617906814969062e-03
-1.704046873604908108e-03 9.999877014968945321e-01 4.657582979479692187e-03 -9.401552531999085496e-04
-6.226819452079587064e-03 -4.668110138162494087e-03 9.999697172751029761e-01 1.449068784587367355e-02
0.000000000000000000e+00 0.000000000000000000e+00 0.000000000000000000e+00 1.000000000000000000e+00
9.999508078668414290e-01 5.093737774327208347e-03 8.510915458273907511e-03 -3.947080268529584365e-03
-5.076825033846063193e-03 9.999850975703284961e-01 -2.007606743252650285e-03 2.090245132043363346e-03
-8.521014847258966476e-03 1.964299556134894726e-03 9.999617661857010953e-01 1.120040711740551490e-02
0.000000000000000000e+00 0.000000000000000000e+00 0.000000000000000000e+00 1.000000000000000000e+00
9.999907060569040995e-01 2.621140747368466695e-03 3.423071865502564336e-03 -1.168791005978885977e-03
-2.619014063438381522e-03 9.999963746795226260e-01 -6.256142163173748511e-04 1.864994194868976884e-03
-3.424699278684560470e-03 6.166433285385447289e-04 9.999939455746000849e-01 1.153108430206752424e-02
0.000000000000000000e+00 0.000000000000000000e+00 0.000000000000000000e+00 1.000000000000000000e+00
9.999688257124301760e-01 4.544407906214297486e-03 6.457240903372955809e-03 -9.277181381551230510e-03
-4.551589214263410815e-03 9.999890387956456017e-01 1.097872572491482342e-03 -7.650498653303933996e-06
-6.452180943437395982e-03 -1.127229055145888715e-03 9.999785491277948246e-01 9.626860585303972928e-03
0.000000000000000000e+00 0.000000000000000000e+00 0.000000000000000000e+00 1.000000000000000000e+00
9.999491876014576786e-01 4.401334203596412968e-04 -1.007117161798810716e-02 -5.792897513428900934e-03
-4.514917546676028141e-04 9.999992646337025892e-01 -1.125560860071553098e-03 4.246007418912970711e-03
1.007066881503672698e-02 1.130050718569914790e-03 9.999486509891353236e-01 1.074080139144947127e-02
0.000000000000000000e+00 0.000000000000000000e+00 0.000000000000000000e+00 1.000000000000000000e+00
9.998798675798191704e-01 -6.013760950690320677e-03 -1.428583521504699951e-02 1.617935562211050317e-03
6.044137473004601406e-03 9.999795622231413272e-01 2.084115692778157423e-03 2.350993798234237830e-03
1.427300987076469962e-02 -2.170210874872477089e-03 9.998957802561162511e-01 1.185158808423531634e-02
0.000000000000000000e+00 0.000000000000000000e+00 0.000000000000000000e+00 1.000000000000000000e+00
9.999134364204891323e-01 -5.291256667894654771e-03 -1.204667043807479410e-02 -2.584351294920083720e-04
5.318942777109015273e-03 9.999832838247140199e-01 2.267359450290309421e-03 3.202248964488461306e-03
1.203447188301025664e-02 -2.331238730255062383e-03 9.999248655836493471e-01 1.249508492913811719e-02
0.000000000000000000e+00 0.000000000000000000e+00 0.000000000000000000e+00 1.000000000000000000e+00
9.999349698142816489e-01 -5.340025598912175910e-03 -1.007671916421487568e-02 6.046641629307028531e-03
5.349202009400261769e-03 9.999853022515624579e-01 8.839223457278301381e-04 -8.877204297537482584e-04
1.007185089117789561e-02 -9.377672704949085308e-04 9.999488378973058200e-01 1.260826605885416798e-02
0.000000000000000000e+00 0.000000000000000000e+00 0.000000000000000000e+00 1.000000000000000000e+00
9.999974778208405857e-01 -1.783667503254715309e-03 1.364874424895735862e-03 -7.022498970471265263e-04
1.791941834299692719e-03 9.999798786943062678e-01 -6.085322586619353567e-03 7.691375871158988124e-03
-1.353992769695624336e-03 6.087753013926077740e-03 9.999805527943139705e-01 7.931361344374408817e-03
0.000000000000000000e+00 0.000000000000000000e+00 0.000000000000000000e+00 1.000000000000000000e+00
9.999927216787312112e-01 -3.562320963375418398e-03 -1.366184071907433021e-03 1.773041172072750520e-03
3.568408781914209071e-03 9.999835986532403798e-01 4.479830720101492941e-03 5.755947720658828159e-04
1.350203069762139982e-03 -4.484673217694190583e-03 9.999890322687544630e-01 1.059148859390220999e-02
0.000000000000000000e+00 0.000000000000000000e+00 0.000000000000000000e+00 1.000000000000000000e+00
9.999959302898383529e-01 -7.529503079240311685e-04 2.751812056669631409e-03 2.661808384560854614e-04
7.575868794361504018e-04 9.999982946604180079e-01 -1.684261967609639813e-03 6.206703088882994761e-03
-2.750539198328469728e-03 1.686339849860402128e-03 9.999947953824708247e-01 7.636050175129033800e-03
0.000000000000000000e+00 0.000000000000000000e+00 0.000000000000000000e+00 1.000000000000000000e+00
9.999967735368926469e-01 -2.313688597751426424e-03 1.048694844478118265e-03 -1.376936464141423908e-03
2.304456155932216657e-03 9.999593153465937689e-01 8.721074096476363890e-03 4.673873305247482068e-03
-1.068830028389005336e-03 -8.718629286962485334e-03 9.999614208086866629e-01 8.188634161976598991e-03
0.000000000000000000e+00 0.000000000000000000e+00 0.000000000000000000e+00 1.000000000000000000e+00
9.999678121195260116e-01 -8.017957780403412935e-03 -2.950896819217647764e-04 7.005731982709727896e-04
8.021501373014031447e-03 9.998536668818194251e-01 1.510961080582066442e-02 1.387355426793239694e-03
1.738982790090683119e-04 -1.511149152176272797e-02 9.998857997708422429e-01 8.018460563392341284e-03
0.000000000000000000e+00 0.000000000000000000e+00 0.000000000000000000e+00 1.000000000000000000e+00
9.999775653407563247e-01 -6.662060186651186725e-03 -6.969714786570609328e-04 -6.825873845338464689e-03
6.674499382354383802e-03 9.997836429606773434e-01 1.970071892779387546e-02 -4.665266645479017728e-04
5.655733087541847497e-04 -1.970492888458169611e-02 9.998056790719308529e-01 6.167939774891923084e-03
0.000000000000000000e+00 0.000000000000000000e+00 0.000000000000000000e+00 1.000000000000000000e+00
9.997830712266659869e-01 -1.532608265714184136e-03 -2.077165377333423449e-02 2.146556225929138664e-03
1.882379283499323406e-03 9.998565972194858320e-01 1.682978445807462378e-02 -5.976342978059857869e-03
2.074288159365660425e-02 -1.686523372432358406e-02 9.996425845043890313e-01 7.959781013076766207e-03
0.000000000000000000e+00 0.000000000000000000e+00 0.000000000000000000e+00 1.000000000000000000e+00
9.999206570543185402e-01 -6.050382914114338460e-04 -1.258227025330018768e-02 7.013575271440255013e-03
5.988385180302782619e-04 9.999996974397779015e-01 -4.965005366185868936e-04 2.366262955469496977e-03
1.258256684824206328e-02 4.889263947315373744e-04 9.999207168383356104e-01 3.106656771067982208e-03
0.000000000000000000e+00 0.000000000000000000e+00 0.000000000000000000e+00 1.000000000000000000e+00
9.999899247418422288e-01 -3.922162541872449559e-03 2.183358834256681359e-03 1.208663347375827767e-03
3.905064966950765742e-03 9.999621040663771998e-01 7.780803220002651711e-03 -1.528425533984984191e-03
-2.213793668770409201e-03 -7.772198668307602962e-03 9.999673454895686708e-01 1.153018762604126777e-03
0.000000000000000000e+00 0.000000000000000000e+00 0.000000000000000000e+00 1.000000000000000000e+00
9.999948742146270719e-01 -2.036326070506862262e-03 2.470813753754470821e-03 -2.311578192841018224e-03
2.021277596516515580e-03 9.999794872991014660e-01 6.077780672479725192e-03 -5.210880765092604054e-03
-2.483139413925159432e-03 -6.072755318594822392e-03 9.999784775991386043e-01 -1.744488196749961360e-03
0.000000000000000000e+00 0.000000000000000000e+00 0.000000000000000000e+00 1.000000000000000000e+00
9.999933809379580874e-01 2.032370234279108189e-03 -3.017872015524368252e-03 -2.373751799157604141e-03
-2.037646870642908191e-03 9.999963990022878724e-01 -1.746418531400191227e-03 -8.125015334154220541e-05
3.014311779134335595e-03 1.752556329216014425e-03 9.999939212169296487e-01 -4.811169809145004160e-03
0.000000000000000000e+00 0.000000000000000000e+00 0.000000000000000000e+00 1.000000000000000000e+00
9.999723587184571327e-01 3.054595094929214889e-03 -6.778734974201503123e-03 1.204483790500190162e-03
-3.048415432133601971e-03 9.999949287388889552e-01 9.217699584502722903e-04 -3.555554046516258126e-03
6.781516231460187408e-03 -9.010800792416372986e-04 9.999765992723496089e-01 -4.126725597587557054e-03
0.000000000000000000e+00 0.000000000000000000e+00 0.000000000000000000e+00 1.000000000000000000e+00
9.999829589503407279e-01 5.030764827078109194e-03 -2.961961204550865329e-03 -2.853413727228157641e-04
-5.041076495756588796e-03 9.999812235870048083e-01 -3.484253320333982086e-03 -3.981500534142594534e-03
2.944377130491447267e-03 3.499125418009724556e-03 9.999895433276398959e-01 -6.758227619363454952e-03
0.000000000000000000e+00 0.000000000000000000e+00 0.000000000000000000e+00 1.000000000000000000e+00
9.999878989464763279e-01 4.529063394054737464e-03 -1.920818935958279548e-03 -9.877263774370789555e-04
-4.541859932151912603e-03 9.999671676398969034e-01 -6.710823392047903131e-03 -4.391583787541947573e-03
1.890362126370392481e-03 6.719466274576994282e-03 9.999756373552394217e-01 -8.506225612467234118e-03
0.000000000000000000e+00 0.000000000000000000e+00 0.000000000000000000e+00 1.000000000000000000e+00
9.999997182476120239e-01 4.971804467196451959e-05 -7.490212361880126124e-04 -3.180900670262265355e-03
-5.693094438014743912e-05 9.999536016441122888e-01 -9.632825018428060534e-03 -6.074644384091196052e-04
7.485075576095517750e-04 9.632864946842945725e-03 9.999533227352929154e-01 -1.162325455742560174e-02
0.000000000000000000e+00 0.000000000000000000e+00 0.000000000000000000e+00 1.000000000000000000e+00
9.999765185742771623e-01 -2.447653073327591983e-03 -6.400882322020429518e-03 -1.357443899690963284e-03
2.422212141518776708e-03 9.999891488355913127e-01 -3.979334041145609659e-03 -3.279233297054626878e-03
6.410552894189594682e-03 3.963736305832071295e-03 9.999715963996617107e-01 -1.040427529284185769e-02
0.000000000000000000e+00 0.000000000000000000e+00 0.000000000000000000e+00 1.000000000000000000e+00
9.999566992109431007e-01 -8.709455330013274581e-04 -9.265050298515566801e-03 4.495946942023552602e-04
8.199615111394552161e-04 9.999845100499202832e-01 -5.505208746426731338e-03 -2.784047518808308811e-03
9.269701520314888379e-03 5.497373381900531007e-03 9.999419240734049863e-01 -1.069899806258946262e-02
0.000000000000000000e+00 0.000000000000000000e+00 0.000000000000000000e+00 1.000000000000000000e+00
9.999806241962975184e-01 4.563278535157232099e-05 -6.224881495450100902e-03 1.349977765541151122e-03
-7.907672998836877062e-05 9.999855649814564096e-01 -5.372483186410080894e-03 -2.405192458508751373e-03
6.224546477798234209e-03 5.372871333503674747e-03 9.999661930659353715e-01 -1.165416675828536038e-02
0.000000000000000000e+00 0.000000000000000000e+00 0.000000000000000000e+00 1.000000000000000000e+00
9.999962978333418739e-01 5.773937242306762365e-04 -2.659123182110777629e-03 7.514598900700501100e-04
-5.920005905742074543e-04 9.999847238047532283e-01 -5.495606648184201727e-03 -1.744109625889655405e-03
2.655909432036362983e-03 5.497160505026711490e-03 9.999813635120757827e-01 -1.227890824219169709e-02
0.000000000000000000e+00 0.000000000000000000e+00 0.000000000000000000e+00 1.000000000000000000e+00
9.999970525274921584e-01 2.417653768864986511e-03 2.233530471177990839e-04 9.421671049778471824e-05
-2.416883809331943789e-03 9.999913484185615209e-01 -3.385522216555260887e-03 -5.199950221411482956e-03
-2.315361353071516731e-04 3.384972419458261942e-03 9.999942441598042020e-01 -1.252337470371249484e-02
0.000000000000000000e+00 0.000000000000000000e+00 0.000000000000000000e+00 1.000000000000000000e+00
9.999710261334433525e-01 7.288071169870309791e-03 2.197933631909462261e-03 -1.772863934325833238e-03
-7.269678219409237210e-03 9.999394330666868669e-01 -8.263290921761246716e-03 8.494123064059879488e-04
-2.258023962144892465e-03 8.247073232021171971e-03 9.999634428872349323e-01 -1.568253949549746479e-02
0.000000000000000000e+00 0.000000000000000000e+00 0.000000000000000000e+00 1.000000000000000000e+00
9.999760485656459252e-01 6.399330449066187830e-03 2.636449286308010630e-03 -9.139500333625748176e-04
-6.397988881569938863e-03 9.999793990258128984e-01 -5.169741260061508402e-04 5.135591407010361292e-04
-2.639703261150247882e-03 5.000937705136891589e-04 9.999963909299443010e-01 -1.462390664169132930e-02
0.000000000000000000e+00 0.000000000000000000e+00 0.000000000000000000e+00 1.000000000000000000e+00
9.999744574787322593e-01 5.615292028083350775e-03 4.421864488537632400e-03 -6.216828320015787938e-03
-5.635481067545529410e-03 9.999736934877047068e-01 4.566583591212948316e-03 1.807283491168568514e-03
-4.396105464269777115e-03 -4.591386282762848978e-03 9.999797965102842356e-01 -1.599885421217081549e-02
0.000000000000000000e+00 0.000000000000000000e+00 0.000000000000000000e+00 1.000000000000000000e+00
9.999691976357819589e-01 4.191639020321120263e-03 -6.635807560113098774e-03 -9.559207854792195046e-04
-4.062851786557728807e-03 9.998054081205791643e-01 1.930386303831840497e-02 -1.279664532467760830e-02
6.715431111402841817e-03 -1.927630813109743046e-02 9.997916417583331272e-01 -1.005405888404801822e-02
0.000000000000000000e+00 0.000000000000000000e+00 0.000000000000000000e+00 1.000000000000000000e+00
9.999651047909824397e-01 2.845690355179279329e-03 -7.854377554181769111e-03 -1.516582981214324244e-04
-2.849835639869644898e-03 9.999958057584760196e-01 -5.166258643297249199e-04 -5.503611458610800644e-03
7.852874453785910897e-03 5.389915216450981601e-04 9.999690204456096465e-01 -1.400603140409055827e-02
0.000000000000000000e+00 0.000000000000000000e+00 0.000000000000000000e+00 1.000000000000000000e+00
9.999825197526287512e-01 2.273658065326476015e-03 -5.458082830586995400e-03 -2.085222852777947073e-04
-2.300913253057982472e-03 9.999848904006811701e-01 -4.992471185727541914e-03 -5.006498509325308559e-04
5.446649188765031839e-03 5.004942491217402763e-03 9.999726419074043138e-01 -1.550822253937021201e-02
0.000000000000000000e+00 0.000000000000000000e+00 0.000000000000000000e+00 1.000000000000000000e+00
9.999851758043155625e-01 2.266271982966991914e-03 -4.950977975271692033e-03 1.431133504104558675e-03
-2.280577884539447975e-03 9.999932356017615653e-01 -2.885778098224407208e-03 -4.055521948434279329e-03
4.944404526831935182e-03 2.897026409762427143e-03 9.999835799161185257e-01 -1.325805411060165979e-02
0.000000000000000000e+00 0.000000000000000000e+00 0.000000000000000000e+00 1.000000000000000000e+00
9.999912286309444731e-01 1.623593081586666457e-03 -3.860907494244896539e-03 5.062185734953404855e-03
-1.646843487982515121e-03 9.999804845874724624e-01 -6.026470835491862243e-03 -5.778138387359100028e-03
3.851047610687525092e-03 6.032776285456656687e-03 9.999743871932869066e-01 -1.200339573901280585e-02
0.000000000000000000e+00 0.000000000000000000e+00 0.000000000000000000e+00 1.000000000000000000e+00
9.999642473324851233e-01 5.451562856095096797e-03 6.464094615865193134e-03 4.409634395537866515e-04
-5.349486703694356776e-03 9.998623622432361024e-01 -1.570476237905035072e-02 3.537939275923144612e-04
-6.548820411632185270e-03 1.566962130370360209e-02 9.998557775596510488e-01 -1.714368603751043399e-02
0.000000000000000000e+00 0.000000000000000000e+00 0.000000000000000000e+00 1.000000000000000000e+00
9.999435743730862303e-01 5.741562589713459022e-03 8.937702669233535402e-03 5.048539882146549493e-04
-5.654745372093116819e-03 9.999368800629809817e-01 -9.708745783482969002e-03 2.366998997137618067e-03
-8.992881893587446537e-03 9.657657528609607522e-03 9.999129250721325857e-01 -1.515852784836913859e-02
0.000000000000000000e+00 0.000000000000000000e+00 0.000000000000000000e+00 1.000000000000000000e+00
9.999366259390168876e-01 2.241812887130990341e-03 1.103260534395692806e-02 1.373902697481438904e-03
-2.198791224615237287e-03 9.999899382158411454e-01 -3.910087496344795584e-03 -5.581338206579618787e-03
-1.104126002080236570e-02 3.885581302406416679e-03 9.999314940710161137e-01 -1.188456122886476923e-02
0.000000000000000000e+00 0.000000000000000000e+00 0.000000000000000000e+00 1.000000000000000000e+00
9.999172198832937397e-01 2.633912794711642819e-03 1.259427982276199211e-02 -2.694788953478449017e-03
-2.522937197062365394e-03 9.999579258558385364e-01 -8.819371065387583697e-03 -3.489735104081148533e-03
-1.261697938350754208e-02 8.786866419786458146e-03 9.998817944185984796e-01 -1.561942219665367337e-02
0.000000000000000000e+00 0.000000000000000000e+00 0.000000000000000000e+00 1.000000000000000000e+00
9.999708259554026535e-01 1.952797074379040510e-03 7.384701866402138860e-03 -2.010515218171840014e-03
-1.890026466799723604e-03 9.999621091412885798e-01 -8.497533857556364284e-03 -1.319963482586315479e-03
-7.401016012963577972e-03 8.483328668147712553e-03 9.999366270402763046e-01 -1.510538761604309464e-02
0.000000000000000000e+00 0.000000000000000000e+00 0.000000000000000000e+00 1.000000000000000000e+00
9.999873845359914526e-01 1.377921319866913768e-04 5.021133557020884819e-03 -2.208352756532904859e-04
-9.996375202321985173e-05 9.999716192589606090e-01 -7.533304975901510860e-03 -3.660264574735462226e-03
-5.022029083683210438e-03 7.532708008413937888e-03 9.999590179272057622e-01 -1.292241861322458024e-02
0.000000000000000000e+00 0.000000000000000000e+00 0.000000000000000000e+00 1.000000000000000000e+00
9.999869446538848239e-01 6.244341877127023615e-04 5.071548455221066946e-03 -8.545318300605596286e-04
-5.765281438596982222e-04 9.999552569924033962e-01 -9.442014009461896853e-03 -1.543761606800817324e-03
-5.077217455238377565e-03 9.438966850283591822e-03 9.999425622343076636e-01 -1.335211440453551272e-02
0.000000000000000000e+00 0.000000000000000000e+00 0.000000000000000000e+00 1.000000000000000000e+00
9.999894950192497189e-01 1.566714641788192553e-03 4.307581267599913145e-03 1.079567976974601939e-03
-1.526681773647892496e-03 9.999557631422251180e-01 -9.281217668689755937e-03 -6.924687149710541606e-04
-4.321931733355166734e-03 9.274543863867050486e-03 9.999476505008696448e-01 -1.295647244150444424e-02
0.000000000000000000e+00 0.000000000000000000e+00 0.000000000000000000e+00 1.000000000000000000e+00
9.999760117738776266e-01 6.257104369272643591e-04 6.898142015001259252e-03 -2.549087587636559974e-04
-5.696398531033757418e-04 9.999668104522270173e-01 -8.127330708056218142e-03 -2.812359424327673645e-04
-6.902998424435686717e-03 8.123206291205310736e-03 9.999431794518646166e-01 -1.178819296167929465e-02
0.000000000000000000e+00 0.000000000000000000e+00 0.000000000000000000e+00 1.000000000000000000e+00
9.999623202125377253e-01 1.399242736543761939e-03 8.567396040918469693e-03 2.284538649405698941e-05
-1.336196263200848484e-03 9.999720206926967503e-01 -7.360190983401719393e-03 9.972774172048956033e-04
-8.577455024884944254e-03 7.348465930394544599e-03 9.999362116224045360e-01 -1.145552321818433042e-02
0.000000000000000000e+00 0.000000000000000000e+00 0.000000000000000000e+00 1.000000000000000000e+00
9.999488527465746346e-01 -6.234567742164979750e-04 1.009471111322803906e-02 -8.815838716955525650e-04
6.619128037642415391e-04 9.999925356926246955e-01 -3.806629805231875711e-03 -8.145447781056506034e-04
-1.009226249406242754e-02 3.813116925108678106e-03 9.999418014950002265e-01 -1.151649658485349483e-02
0.000000000000000000e+00 0.000000000000000000e+00 0.000000000000000000e+00 1.000000000000000000e+00
9.999531031616651910e-01 -2.040653316995228209e-04 9.682449829338808656e-03 -4.008097070962989353e-03
2.357164184404767578e-04 9.999946326699444832e-01 -3.267884495130636124e-03 -3.204569191418156601e-04
-9.681730998501383509e-03 3.270013554075271774e-03 9.999477841848690707e-01 -1.130547030839507312e-02
0.000000000000000000e+00 0.000000000000000000e+00 0.000000000000000000e+00 1.000000000000000000e+00
9.999861051828727865e-01 -1.050086636319092024e-03 5.165922883992964641e-03 -5.228135848215098060e-03
1.056368805472532226e-03 9.999987057498636034e-01 -1.213500533712663209e-03 -6.991095497983659639e-05
-5.164641917302947340e-03 1.218940792130795807e-03 9.999859202294857363e-01 -1.127031517406789328e-02
0.000000000000000000e+00 0.000000000000000000e+00 0.000000000000000000e+00 1.000000000000000000e+00
9.999986272328039716e-01 -1.181071023579965788e-03 -1.162154785734378047e-03 -4.210631408643852533e-03
1.183052012600252631e-03 9.999978460408380787e-01 1.705374334274739135e-03 -2.579598807591692092e-03
1.160138114289857971e-03 -1.706746882751009314e-03 9.999978705450494054e-01 -8.948922897099670370e-03
0.000000000000000000e+00 0.000000000000000000e+00 0.000000000000000000e+00 1.000000000000000000e+00
9.999791433938978180e-01 -3.020951563370470518e-03 -5.708469922820163037e-03 -2.511878847702908786e-04
3.020662924539022510e-03 9.999954360359396555e-01 -5.918435210122625537e-05 -4.360117701741578200e-03
5.708622662629597028e-03 4.193975426479574218e-05 9.999837048014091900e-01 -7.923922391282599981e-03
0.000000000000000000e+00 0.000000000000000000e+00 0.000000000000000000e+00 1.000000000000000000e+00
9.999815251526676940e-01 -1.637232504498941504e-03 -5.853957897930058343e-03 3.034754605093300736e-03
1.600168352661166665e-03 9.999786815303767229e-01 -6.330556532612449140e-03 -1.988833314666202130e-03
5.864197693433192624e-03 6.321072258380887494e-03 9.999628269245391943e-01 -8.984557167335824671e-03
0.000000000000000000e+00 0.000000000000000000e+00 0.000000000000000000e+00 1.000000000000000000e+00
9.999962820895720306e-01 -9.807466616572914613e-04 -2.544394430683070973e-03 6.253960164889349818e-03
9.646885059256898008e-04 9.999796594886913859e-01 -6.304758914361863718e-03 -5.991894226499762735e-03
2.550526047657190268e-03 6.302280925771130277e-03 9.999768877689183544e-01 -7.560719588530178184e-03
0.000000000000000000e+00 0.000000000000000000e+00 0.000000000000000000e+00 1.000000000000000000e+00
9.999835943456182319e-01 -2.434823543499069990e-03 5.184850424973148214e-03 8.171058547362712587e-03
2.514265270372008105e-03 9.998786995756884233e-01 -1.537090124162083550e-02 -8.947551265441944235e-03
-5.146796068188716315e-03 1.538368516128313032e-02 9.998684177035953580e-01 -7.668395373236372090e-03
0.000000000000000000e+00 0.000000000000000000e+00 0.000000000000000000e+00 1.000000000000000000e+00
9.998880525936466590e-01 7.148613938547720504e-04 1.494560984611503947e-02 1.807373441583617468e-03
-3.180359692226931924e-04 9.996477854849632472e-01 -2.653683907571688719e-02 3.387688183958645436e-03
-1.495931594716132934e-02 2.652911510389653615e-02 9.995361048597478648e-01 -1.389661250774559299e-02
0.000000000000000000e+00 0.000000000000000000e+00 0.000000000000000000e+00 1.000000000000000000e+00
9.998594767011548257e-01 -3.322610571369808384e-04 1.676056244532428754e-02 -1.998823967355521473e-04
6.797123560179312409e-04 9.997849031683148091e-01 -2.072885399236842896e-02 -4.966395875246026881e-03
-1.675006991050430674e-02 2.073733346681203016e-02 9.996446359375308344e-01 -1.020784816415893498e-02
0.000000000000000000e+00 0.000000000000000000e+00 0.000000000000000000e+00 1.000000000000000000e+00
9.998702589860772871e-01 -2.748844987524722873e-03 1.587164283712825044e-02 -3.287099883186909381e-04
3.176617262014737667e-03 9.996306566950192707e-01 -2.698998514735191298e-02 -2.191407681652461290e-03
-1.579158946672164221e-02 2.703690157392610316e-02 9.995096956285102197e-01 -1.216654272701322287e-02
0.000000000000000000e+00 0.000000000000000000e+00 0.000000000000000000e+00 1.000000000000000000e+00
9.998969940987311178e-01 -2.489995736627688156e-03 1.413510217700883823e-02 1.712548609012751405e-03
2.881049017536288937e-03 9.996117749042757739e-01 -2.771279540718881579e-02 1.713197301180333131e-03
-1.406060983319917454e-02 2.775066474796107630e-02 9.995159827922535101e-01 -1.220925552790513846e-02
0.000000000000000000e+00 0.000000000000000000e+00 0.000000000000000000e+00 1.000000000000000000e+00
9.998893015678053109e-01 -2.372317885851161611e-03 1.468865950635982881e-02 5.451906909681874819e-04
2.746705387007971136e-03 9.996705201083525560e-01 -2.552071385781942009e-02 1.752358113351105712e-03
-1.462327664247263688e-02 2.555823417500094341e-02 9.995663742073827018e-01 -1.058184971781483269e-02
0.000000000000000000e+00 0.000000000000000000e+00 0.000000000000000000e+00 1.000000000000000000e+00
9.999064911587491888e-01 -4.376990646280102225e-03 1.295572813394982835e-02 2.739305268929092142e-03
4.682844763608876026e-03 9.997088062029489963e-01 -2.367221504621248168e-02 4.250977514873525293e-03
-1.284834244244694064e-02 2.373067114846446821e-02 9.996358213586209462e-01 -9.249417194299678138e-03
0.000000000000000000e+00 0.000000000000000000e+00 0.000000000000000000e+00 1.000000000000000000e+00
9.998778876414790018e-01 -3.227920476132572179e-03 1.529020389050348393e-02 -2.672160226899871968e-03
3.503413427646867497e-03 9.998313944399345177e-01 -1.802522639666537252e-02 3.473155965191371177e-03
-1.522944187974029084e-02 1.807659319937865786e-02 9.997206114101763186e-01 -8.160713444714915929e-03
0.000000000000000000e+00 0.000000000000000000e+00 0.000000000000000000e+00 1.000000000000000000e+00
9.999526944196940326e-01 -3.761150711059640852e-03 8.970098557016930110e-03 -4.890026562310324613e-03
3.879469632173889165e-03 9.999052229265164016e-01 -1.320965100396273746e-02 5.689178247135489620e-03
-8.919564909060442859e-03 1.324382533870590607e-02 9.998725130996614086e-01 -7.276095678425449284e-03
0.000000000000000000e+00 0.000000000000000000e+00 0.000000000000000000e+00 1.000000000000000000e+00
9.999877487060203629e-01 -4.444173463708980115e-03 2.179853226620742830e-03 7.651997037584354691e-04
4.457163626304647130e-03 9.999721205350544651e-01 -5.990980306644197798e-03 5.088381830978825140e-03
-2.153167497778730663e-03 6.000622871895613594e-03 9.999796779909466693e-01 -1.278380017767413593e-03
0.000000000000000000e+00 0.000000000000000000e+00 0.000000000000000000e+00 1.000000000000000000e+00
9.999954023802325453e-01 -3.286758258507936278e-04 3.014496740601793623e-03 -2.451379450336993882e-03
3.375562149414652663e-04 9.999956039759581028e-01 -2.945858883432281739e-03 3.644972929200477642e-03
-3.013515256200299287e-03 2.946862901602956535e-03 9.999911173229687478e-01 9.324629125447481039e-04
0.000000000000000000e+00 0.000000000000000000e+00 0.000000000000000000e+00 1.000000000000000000e+00
9.999985879423709534e-01 -1.544397623975874963e-03 -6.625324471210475080e-04 -2.185221593197640526e-03
1.543653222789294691e-03 9.999981784354667891e-01 -1.122613235294388527e-03 9.465974024781087168e-03
6.642650014886748895e-04 1.121588929752607988e-03 9.999991503947796012e-01 2.516752677821614947e-03
0.000000000000000000e+00 0.000000000000000000e+00 0.000000000000000000e+00 1.000000000000000000e+00
9.999959350436998795e-01 -1.546627027662105750e-03 -2.395379074853793300e-03 2.825910971194498141e-03
1.569166377369859847e-03 9.999542450607475930e-01 9.436392418215719044e-03 3.895064997345779913e-03
2.380674894872096287e-03 -9.440112807998236530e-03 9.999526072055699988e-01 6.222968371240341148e-03
0.000000000000000000e+00 0.000000000000000000e+00 0.000000000000000000e+00 1.000000000000000000e+00
9.999959802889111238e-01 2.619660473982546572e-03 -1.084797225878010932e-03 -1.081106955609944988e-03
-2.606885925071633203e-03 9.999291507287895175e-01 1.161454556041822614e-02 3.611874049372768188e-03
1.115146534713042960e-03 -1.161167093068093611e-02 9.999319604585119592e-01 7.536658133412327959e-03
0.000000000000000000e+00 0.000000000000000000e+00 0.000000000000000000e+00 1.000000000000000000e+00
9.999924411218086284e-01 3.368115218687896869e-03 -1.942549644223938747e-03 -8.613389996500082912e-04
-3.338848005525815645e-03 9.998837446349256863e-01 1.487781263610463145e-02 1.356092538415528022e-03
1.992433999566322559e-03 -1.487121429852590430e-02 9.998874322602739895e-01 1.020165371767646489e-02
0.000000000000000000e+00 0.000000000000000000e+00 0.000000000000000000e+00 1.000000000000000000e+00
9.999952580363452581e-01 2.747327782390318694e-03 -1.391436264680957942e-03 -3.176280660823473708e-03
-2.727904818660764792e-03 9.999014186036310203e-01 1.377358376553325901e-02 -1.662975768489106682e-03
1.429139644293157515e-03 -1.376972274600835738e-02 9.999041715561424182e-01 1.183185276017481580e-02
0.000000000000000000e+00 0.000000000000000000e+00 0.000000000000000000e+00 1.000000000000000000e+00
9.999773435187875315e-01 5.711179218451234788e-03 -3.562987656994805446e-03 -6.725535762009572996e-03
-5.678699824279471661e-03 9.999428305118608362e-01 9.060247029393888804e-03 1.169623280409611173e-02
3.614528657362517383e-03 -9.039808618695592893e-03 9.999526073983320273e-01 1.130493163316559704e-02
0.000000000000000000e+00 0.000000000000000000e+00 0.000000000000000000e+00 1.000000000000000000e+00
9.999590350501070812e-01 6.714881827524898233e-03 -6.069479689555051100e-03 -4.132686906143424183e-03
-6.559864618463501218e-03 9.996606719005767250e-01 2.520930842914128125e-02 6.018128816347282500e-03
6.236697671602815275e-03 -2.516846076601665302e-02 9.996637695669594592e-01 1.345489464609796702e-02
0.000000000000000000e+00 0.000000000000000000e+00 0.000000000000000000e+00 1.000000000000000000e+00
9.999617944885399456e-01 2.089917543185083014e-03 -8.487744572072337609e-03 -2.847964271180917269e-03
-1.843204102026907302e-03 9.995785373908648852e-01 2.897154097003518808e-02 -6.576079237100426397e-03
8.544715436825691540e-03 -2.895478945188245667e-02 9.995442001261877207e-01 1.791120163631121712e-02
0.000000000000000000e+00 0.000000000000000000e+00 0.000000000000000000e+00 1.000000000000000000e+00
9.999325433874112212e-01 2.661383391214191055e-03 -1.130600341535237946e-02 -3.347236080696469433e-03
-2.469899336703144325e-03 9.998538496015796362e-01 1.691682695328521752e-02 3.253664203405452499e-03
1.134937320073420818e-02 -1.688776111110684708e-02 9.997929761968745721e-01 1.493994506537085938e-02
0.000000000000000000e+00 0.000000000000000000e+00 0.000000000000000000e+00 1.000000000000000000e+00
9.999059196469295419e-01 2.093983713359718734e-03 -1.355607196928422520e-02 -2.656936456776504141e-03
-1.806544601057009924e-03 9.997740179253383763e-01 2.118134740825815612e-02 2.765561164646843616e-03
1.359736193651625222e-02 -2.115486501098782363e-02 9.996837417077132359e-01 1.627796039314342857e-02
0.000000000000000000e+00 0.000000000000000000e+00 0.000000000000000000e+00 1.000000000000000000e+00
9.998666219981553471e-01 -4.405522714347535592e-04 -1.632617921297702113e-02 -8.535575655839078464e-04
8.128137623292485672e-04 9.997396726534631961e-01 2.280189151218814034e-02 -1.999387897773762055e-03
1.631188363696471286e-02 -2.281212038461052222e-02 9.996066874605095132e-01 1.764981025644009327e-02
0.000000000000000000e+00 0.000000000000000000e+00 0.000000000000000000e+00 1.000000000000000000e+00
9.998777404729027873e-01 -1.584258842483038908e-03 -1.555616375340267837e-02 1.461479251118207512e-03
1.883441365327923750e-03 9.998131848439043567e-01 1.923663330502972321e-02 -3.908573119060679106e-03
1.552278181982972606e-02 -1.926358056563788959e-02 9.996939320153777064e-01 1.823707851627847862e-02
0.000000000000000000e+00 0.000000000000000000e+00 0.000000000000000000e+00 1.000000000000000000e+00
9.999220474698670147e-01 -2.066973726352046813e-03 -1.231367545796935650e-02 1.772110459796064855e-03
2.171889251098487253e-03 9.999614053436411965e-01 8.512973643216858316e-03 -7.156439604544169181e-04
1.229560412304287961e-02 -8.539053974751088447e-03 9.998879450600784979e-01 1.665159083949189350e-02
0.000000000000000000e+00 0.000000000000000000e+00 0.000000000000000000e+00 1.000000000000000000e+00
9.999501584482585193e-01 1.938549195676697416e-03 -9.794010737151699619e-03 -5.735608400334402460e-04
-1.847737595410652543e-03 9.999553003390018180e-01 9.272712101349981154e-03 5.870011592513550876e-03
9.811548556777753907e-03 -9.254153173141103222e-03 9.999090429453898476e-01 1.267805535997406328e-02
0.000000000000000000e+00 0.000000000000000000e+00 0.000000000000000000e+00 1.000000000000000000e+00
9.999545535964718956e-01 -5.260955344642740230e-04 -9.519136786974420616e-03 9.545867273331885752e-04
6.813829546299403263e-04 9.998666318126399055e-01 1.631730078522529784e-02 -3.768737611916270127e-03
9.509282777878281731e-03 -1.632304540013875677e-02 9.998215499427456354e-01 1.882864513292542910e-02
0.000000000000000000e+00 0.000000000000000000e+00 0.000000000000000000e+00 1.000000000000000000e+00
9.999737023376148448e-01 -6.407599928572592666e-04 -7.223853530801449367e-03 2.109176732882528686e-04
6.914852093739164629e-04 9.999751092090957139e-01 7.021596005345596969e-03 1.147287636992411382e-03
7.219174565567462731e-03 -7.026406541655684512e-03 9.999492552773386889e-01 1.455144138924647536e-02
