9.999710764730720403e-01 3.505624351672534562e-03 -6.749578889831798524e-03 -8.437355384442802361e-04
-3.481910013631129598e-03 9.999877358149819040e-01 3.522005434976502227e-03 7.145461794454989295e-03
6.761842939767075469e-03 -3.498402139833168764e-03 9.999710189113114600e-01 9.112663828390184587e-03
0.000000000000000000e+00 0.000000000000000000e+00 0.000000000000000000e+00 1.000000000000000000e+00
9.999825939316857593e-01 4.794289150051798108e-04 -5.880644656221739250e-03 -1.002119490253017969e-03
-4.206539149283473303e-04 9.999499920347389992e-01 9.991820655397068429e-03 2.316722970165075238e-03
5.885140944883799317e-03 -9.989173020887217799e-03 9.999327885105171454e-01 1.237793306410928107e-02
0.000000000000000000e+00 0.000000000000000000e+00 0.000000000000000000e+00 1.000000000000000000e+00
9.999818483148793513e-01 -8.296311135141629664e-04 -5.967809729994442633e-03 -9.310326058377017149e-05
8.975002421831847167e-04 9.999348558750289495e-01 1.137886195983531940e-02 -4.224695476717884235e-04
5.957980704333322441e-03 -1.138401152499396961e-02 9.999174499665085536e-01 1.416009451521644570e-02
0.000000000000000000e+00 0.000000000000000000e+00 0.000000000000000000e+00 1.000000000000000000e+00
9.999844324817844798e-01 -1.931690383204234199e-03 -5.234822475225735586e-03 1.275633037896518581e-03
1.986180408408462147e-03 9.999436959155337812e-01 1.042401487754092762e-02 -2.335096932074817548e-03
5.214391764045601604e-03 -1.043424990334123302e-02 9.999319659594274601e-01 1.452247092286820286e-02
0.000000000000000000e+00 0.000000000000000000e+00 0.000000000000000000e+00 1.000000000000000000e+00
9.999905822970942548e-01 -3.304005136975333903e-03 -2.814048182364921758e-03 -1.695873762945766328e-03
3.319450234253086812e-03 9.999793560714042018e-01 5.501698025209627967e-03 -2.488246031472392131e-04
2.795812450817802743e-03 -5.510987304750304162e-03 9.999809060435438379e-01 1.363495217473582009e-02
0.000000000000000000e+00 0.000000000000000000e+00 0.000000000000000000e+00 1.000000000000000000e+00
9.999908656011464725e-01 -1.133507109886114925e-03 -4.121149827758310846e-03 5.866602227557241554e-04
1.150462769762078180e-03 9.999908745955083944e-01 4.114263132785233278e-03 7.607289456162039500e-04
4.116448674086200035e-03 -4.118966780910236596e-03 9.999830443377381028e-01 1.174593819011660739e-02
0.000000000000000000e+00 0.000000000000000000e+00 0.000000000000000000e+00 1.000000000000000000e+00
9.999939610676876756e-01 1.711276562122378232e-03 -3.024791014950489396e-03 -3.619786040659335544e-03
-1.704584673363327210e-03 9.999960973023127586e-01 2.213542688516656649e-03 3.954843636272271402e-03
3.028567193827705860e-03 -2.208373308677978163e-03 9.999929754093688228e-01 1.070416723694455653e-02
0.000000000000000000e+00 0.000000000000000000e+00 0.000000000000000000e+00 1.000000000000000000e+00
9.999834446386391962e-01 9.159071161836469972e-04 -5.680806527039171903e-03 -1.021433158510622356e-03
-8.863116789487101655e-04 9.999860347870096478e-01 5.210055907770417757e-03 7.365735248388866757e-03
5.685499120647695935e-03 -5.204934688241392299e-03 9.999702914360206751e-01 8.423347406164273521e-03
0.000000000000000000e+00 0.000000000000000000e+00 0.000000000000000000e+00 1.000000000000000000e+00
9.999779463659965728e-01 7.817265614380642822e-04 -6.595125868849545554e-03 3.706184010140173377e-03
-7.082558127049019391e-04 9.999377514814944412e-01 1.113514866701414800e-02 2.611104943198646298e-03
6.603419973513419312e-03 -1.113023206028874827e-02 9.999162528826781582e-01 1.274047264224910034e-02
0.000000000000000000e+00 0.000000000000000000e+00 0.000000000000000000e+00 1.000000000000000000e+00
9.999977491282544539e-01 1.394390039865319505e-03 -1.599191934008425313e-03 4.470275980283070112e-03
-1.373322630609533079e-03 9.999132472552209050e-01 1.310007436889310505e-02 -2.813053994458454207e-03
1.617319812940204177e-03 -1.309784867583218583e-02 9.999129115261430334e-01 1.449944941964020732e-02
0.000000000000000000e+00 0.000000000000000000e+00 0.000000000000000000e+00 1.000000000000000000e+00
9.999908597719280312e-01 3.467863516420146511e-03 2.500858898793221173e-03 4.959084636915393578e-04
-3.493969465932307474e-03 9.999386526794007413e-01 1.051109200202590341e-02 -1.766534070572966034e-03
-2.464254445329020979e-03 -1.051973385287869982e-02 9.999416296212955135e-01 1.333945732494853584e-02
0.000000000000000000e+00 0.000000000000000000e+00 0.000000000000000000e+00 1.000000000000000000e+00
9.999914005709463760e-01 2.426276635327917226e-03 3.363326604040209594e-03 -3.698072718529078523e-06
-2.452430371858847335e-03 9.999666193181838691e-01 7.793961421056474700e-03 -6.682593844004909925e-03
-3.344304027412438839e-03 -7.802142721752412802e-03 9.999639704506966265e-01 1.600967422137419133e-02
0.000000000000000000e+00 0.000000000000000000e+00 0.000000000000000000e+00 1.000000000000000000e+00
9.999824448205810734e-01 -2.103582629776767736e-03 5.539403467383481779e-03 -9.853376005796361282e-04
2.090118885912177569e-03 9.999948505673355026e-01 2.435208790795471978e-03 -8.540024346120698301e-03
-5.544497605510520857e-03 -2.423588028464355830e-03 9.999816922160978949e-01 1.490691994178422637e-02
0.000000000000000000e+00 0.000000000000000000e+00 0.000000000000000000e+00 1.000000000000000000e+00
9.999833991193456395e-01 -1.378872546010260396e-03 5.594657828701777615e-03 -5.943449436834617912e-03
1.412938847880641649e-03 9.999804593856811419e-01 -6.089700371491676804e-03 5.423071971748024724e-03
-5.586151584995223407e-03 6.097504186489357929e-03 9.999658070920053321e-01 8.537556282462813520e-03
0.000000000000000000e+00 0.000000000000000000e+00 0.000000000000000000e+00 1.000000000000000000e+00
9.999993240547397910e-01 -5.186871152189065620e-04 -1.040602585143459791e-03 -1.671405840351024817e-03
5.145443192731248908e-04 9.999919574306721515e-01 -3.977476350321856348e-03 7.774197003537332805e-03
1.042657281759023450e-03 3.976938225616763294e-03 9.999915483783563541e-01 1.070935326125086774e-02
0.000000000000000000e+00 0.000000000000000000e+00 0.000000000000000000e+00 1.000000000000000000e+00
9.999954707253077002e-01 -2.728094965577216625e-03 -1.271230399771043889e-03 4.103598440704932476e-04
2.730958557333067194e-03 9.999937253560309269e-01 2.256349690436161744e-03 -6.762744686718332593e-04
1.265066887021821899e-03 -2.259811148347206072e-03 9.999966464240491737e-01 1.417861624824366847e-02
0.000000000000000000e+00 0.000000000000000000e+00 0.000000000000000000e+00 1.000000000000000000e+00
9.999961427437064065e-01 -2.601266725179282591e-03 -9.736062517972084249e-04 8.548871166151298003e-04
2.602074582973798803e-03 9.999962706337428564e-01 8.294133288623236396e-04 4.326473924058799048e-03
9.714450955691151558e-04 -8.319435256841666883e-04 9.999991820818635579e-01 1.157136501146601056e-02
0.000000000000000000e+00 0.000000000000000000e+00 0.000000000000000000e+00 1.000000000000000000e+00
9.999977385799571072e-01 1.636710907672711502e-03 -1.357944172802019907e-03 6.800174979614063454e-03
-1.633070612525313811e-03 9.999950819397095403e-01 2.677531842556415183e-03 1.786696602738153819e-03
1.362319839923057611e-03 -2.675308168810187123e-03 9.999954933952723835e-01 1.363638110588671036e-02
0.000000000000000000e+00 0.000000000000000000e+00 0.000000000000000000e+00 1.000000000000000000e+00
9.999784331296439621e-01 1.655388881308835197e-03 6.355545864396789160e-03 -4.477004360843053711e-04
-1.673336435757249389e-03 9.999946247676948508e-01 2.819641978924797895e-03 1.820195943214926232e-03
-6.350844097880161895e-03 -2.830216134535808257e-03 9.999758280357965434e-01 1.281105310413210505e-02
0.000000000000000000e+00 0.000000000000000000e+00 0.000000000000000000e+00 1.000000000000000000e+00
9.999790559772299137e-01 1.743180173694646546e-03 6.232890964093086225e-03 1.041922983299260839e-03
-1.766907141550871137e-03 9.999912065965635977e-01 3.803257643349358588e-03 -1.814593081370945876e-04
-6.226206392448920338e-03 -3.814190927391638165e-03 9.999733427954604625e-01 1.368418626509083219e-02
0.000000000000000000e+00 0.000000000000000000e+00 0.000000000000000000e+00 1.000000000000000000e+00
9.999604259373373605e-01 4.305788506919032421e-03 7.785033368741956471e-03 -3.130157157557807678e-03
-4.306877619039553746e-03 9.999907177779400191e-01 1.231386836003703876e-04 7.069024296702836486e-04
-7.784430897204880871e-03 -1.566629964817001187e-04 9.999696885867653817e-01 1.294551619601059557e-02
0.000000000000000000e+00 0.000000000000000000e+00 0.000000000000000000e+00 1.000000000000000000e+00
9.999837506277932109e-01 3.107744895408361997e-03 4.779163319680537585e-03 -2.377931380598596271e-03
-3.102434306801846349e-03 9.999945622405420620e-01 -1.118208709276274091e-03 2.172915714531510438e-03
-4.782612439148249336e-03 1.103363498845967138e-03 9.999879545310766948e-01 1.146880092131932240e-02
0.000000000000000000e+00 0.000000000000000000e+00 0.000000000000000000e+00 1.000000000000000000e+00
9.999863158201389712e-01 3.221866164501147826e-03 4.121619934497416926e-03 -6.749291336047128637e-03
-3.218972606358115694e-03 9.999945681173528778e-01 -7.084851079543057770e-04 2.020409518200160220e-03
-4.123880190538987273e-03 6.952080312536938625e-04 9.999912551107470460e-01 1.076690788626214965e-02
0.000000000000000000e+00 0.000000000000000000e+00 0.000000000000000000e+00 1.000000000000000000e+00
9.999792940343011916e-01 1.656000987528297337e-03 -6.218453456427099763e-03 -9.128802664816188309e-03
-1.648694294378971097e-03 9.999979447674053334e-01 1.179944103632939514e-03 2.013978783629425708e-03
6.220394664659718506e-03 -1.169667343017323415e-03 9.999799690836425059e-01 1.041528485557968904e-02
0.000000000000000000e+00 0.000000000000000000e+00 0.000000000000000000e+00 1.000000000000000000e+00
9.999124014165043928e-01 -4.332189989840052984e-03 -1.250686305079128265e-02 -4.134973998493695182e-04
4.354922742359998780e-03 9.999889134929413892e-01 1.790960388741316776e-03 2.285507045964615784e-03
1.249896561269749073e-02 -1.845269925483638152e-03 9.999201822333194656e-01 1.146769427036194861e-02
0.000000000000000000e+00 0.000000000000000000e+00 0.000000000000000000e+00 1.000000000000000000e+00
9.999148355318199233e-01 -5.028711438133451339e-03 -1.204299566745930042e-02 -2.480707153152399581e-04
5.058839385217794166e-03 9.999841472102575235e-01 2.472543679813053296e-03 2.785437358465651676e-03
1.203037104369714984e-02 -2.533256687744058107e-03 9.999244235356513633e-01 1.149605852552097220e-02
0.000000000000000000e+00 0.000000000000000000e+00 0.000000000000000000e+00 1.000000000000000000e+00
9.999347693356815947e-01 -5.229971286033494558e-03 -1.015403732232545049e-02 5.759082732817957795e-03
5.245603133477040776e-03 9.999850964487718707e-01 1.513449076812443169e-03 -1.135354981601602829e-03
1.014597069589542877e-02 -1.566614403519184023e-03 9.999473011103879871e-01 1.293751280890531943e-02
0.000000000000000000e+00 0.000000000000000000e+00 0.000000000000000000e+00 1.000000000000000000e+00
9.999974998172207474e-01 -2.072168392278738672e-03 -8.405221365217733923e-04 1.008474559589271711e-03
2.068314940794109633e-03 9.999874648805534560e-01 -4.559841561790646362e-03 6.263248272999022599e-03
8.499603600345351445e-04 4.558091696860263296e-03 9.999892506259601133e-01 8.360843083740143039e-03
0.000000000000000000e+00 0.000000000000000000e+00 0.000000000000000000e+00 1.000000000000000000e+00
9.999950747756551905e-01 -2.944070869252703691e-03 -1.087598799527938814e-03 1.570505926404336958e-03
2.944616648520429359e-03 9.999955393260812064e-01 5.005604185095999595e-04 3.446145881685015646e-03
1.086120262757905158e-03 -5.037605146692374731e-04 9.999992832838023871e-01 9.365766697867055138e-03
0.000000000000000000e+00 0.000000000000000000e+00 0.000000000000000000e+00 1.000000000000000000e+00
9.999970174211174623e-01 -7.869900985906547360e-04 2.312097630656454947e-03 4.418632724654953910e-04
7.887138826140835130e-04 9.999994116516560672e-01 -7.447326719898773829e-04 5.363696008350601722e-03
-2.311510173098690890e-03 7.465540342651919969e-04 9.999970497845446227e-01 8.295495011829003007e-03
0.000000000000000000e+00 0.000000000000000000e+00 0.000000000000000000e+00 1.000000000000000000e+00
9.999972338286291507e-01 -2.296836067670212332e-03 5.068324842871598825e-04 -6.839315250443422402e-04
2.295167200483243589e-03 9.999920225195558787e-01 3.269113759130868983e-03 8.097866351223424047e-03
-5.143370594322192561e-04 -3.267941450907906834e-03 9.999945279930599895e-01 6.709144349538599672e-03
0.000000000000000000e+00 0.000000000000000000e+00 0.000000000000000000e+00 1.000000000000000000e+00
9.999789537897847413e-01 -6.444544422137554046e-03 7.482143278563123867e-04 -3.885699838408980316e-04
6.435847005746318968e-03 9.999177196953150659e-01 1.109656310032719646e-02 4.053093219092409813e-03
-8.196650583865591711e-04 -1.109151416678590650e-02 9.999381513187104442e-01 7.939168043095051752e-03
0.000000000000000000e+00 0.000000000000000000e+00 0.000000000000000000e+00 1.000000000000000000e+00
9.999701852859140816e-01 -7.518381410789112991e-03 -1.761385879253568468e-03 -5.407093981606638823e-03
7.546851451975106033e-03 9.998311171881549830e-01 1.675655499940591556e-02 1.874948982973153374e-03
1.635106239837136582e-03 -1.676934832508989240e-02 9.998580476169285358e-01 7.200894298348938655e-03
0.000000000000000000e+00 0.000000000000000000e+00 0.000000000000000000e+00 1.000000000000000000e+00
9.998699980828138489e-01 -2.014034978614317670e-03 -1.599783100856553772e-02 -1.746825863647395597e-03
2.312829300491311274e-03 9.998228256684850157e-01 1.868068769914990948e-02 -6.289968670749755165e-03
1.595737304510025031e-02 -1.871525942623556912e-02 9.996975049034122485e-01 9.720651999489590342e-03
0.000000000000000000e+00 0.000000000000000000e+00 0.000000000000000000e+00 1.000000000000000000e+00
9.999065186857595267e-01 -4.062760074290802030e-04 -1.366707099310212649e-02 7.040456638295703243e-03
4.532294564056277893e-04 9.999940059203066278e-01 3.432594720972530992e-03 -2.495127405170396344e-04
1.366559449071107039e-02 -3.438468156663617055e-03 9.999007093026548443e-01 4.912633617037076399e-03
0.000000000000000000e+00 0.000000000000000000e+00 0.000000000000000000e+00 1.000000000000000000e+00
9.999926318881474652e-01 -3.832346144198306437e-03 -2.220190224009847976e-04 2.777181488218127044e-03
3.833622521757313207e-03 9.999742521094701075e-01 6.066173131916845727e-03 -3.560312040444097662e-04
1.987656306673599410e-04 -6.066979572799230044e-03 9.999815759558207118e-01 1.232355116736536318e-03
0.000000000000000000e+00 0.000000000000000000e+00 0.000000000000000000e+00 1.000000000000000000e+00
9.999948464657656411e-01 -3.075979683587694649e-03 9.194514101461279468e-04 -1.035823642692093507e-03
3.070065730210120528e-03 9.999750259436361866e-01 6.365703844524306723e-03 -4.554496244620269245e-03
-9.390092234122782416e-04 -6.362848262386745085e-03 9.999793159979201151e-01 3.791691144369629994e-04
0.000000000000000000e+00 0.000000000000000000e+00 0.000000000000000000e+00 1.000000000000000000e+00
9.999903244319691131e-01 8.206116150552143947e-04 -4.321763415885507623e-03 -1.133932241784852161e-03
-8.127867107461519492e-04 9.999980279667620708e-01 1.812026586187275804e-03 -2.170082913838525078e-03
4.323241863287819071e-03 -1.808496381929348105e-03 9.999890194000270460e-01 -2.679917192801691689e-03
0.000000000000000000e+00 0.000000000000000000e+00 0.000000000000000000e+00 1.000000000000000000e+00
9.999734418452603801e-01 2.983998479296899771e-03 -6.649162144106656423e-03 1.133022718905504376e-03
-2.979704001583944901e-03 9.999953457128594181e-01 6.556803207175776688e-04 -3.154229322227942393e-03
6.651087746076715136e-03 -6.358503720101858726e-04 9.999776791139378673e-01 -3.610907587078592343e-03
0.000000000000000000e+00 0.000000000000000000e+00 0.000000000000000000e+00 1.000000000000000000e+00
9.999812890483227301e-01 4.447609530229592809e-03 -4.200038419017087209e-03 4.804518634318738620e-04
-4.457491471655123001e-03 9.999873125099495441e-01 -2.346399136505983914e-03 -4.365282566331129405e-03
4.189549263910191321e-03 2.365076868578515346e-03 9.999884269772185696e-01 -5.181380753417151770e-03
0.000000000000000000e+00 0.000000000000000000e+00 0.000000000000000000e+00 1.000000000000000000e+00
9.999889661494585358e-01 4.175554452134483223e-03 -2.152283520848112097e-03 -8.756162558039827732e-04
-4.186674908623171099e-03 9.999777755133404389e-01 -5.188471123591306515e-03 -5.074882317974901795e-03
2.130570943751829757e-03 5.197424786189371385e-03 9.999842235970753945e-01 -7.102894203142078033e-03
0.000000000000000000e+00 0.000000000000000000e+00 0.000000000000000000e+00 1.000000000000000000e+00
9.999994851498762438e-01 7.851253684942196371e-04 -6.428671239353328992e-04 -3.386518294394852933e-03
-7.904501213358644746e-04 9.999650350911449825e-01 -8.324889414925141368e-03 -1.548548129770605138e-03
6.363085642753733145e-04 8.325393283250902277e-03 9.999651408614652626e-01 -1.037571245128011098e-02
0.000000000000000000e+00 0.000000000000000000e+00 0.000000000000000000e+00 1.000000000000000000e+00
9.999844317535734328e-01 -2.153413586286569929e-03 -5.147723808564275312e-03 -2.172814889765983023e-03
2.125177346729568897e-03 9.999827024463074920e-01 -5.484380496003592870e-03 -2.298212475714051049e-03
5.159444905007759714e-03 5.473355287791352441e-03 9.999717108549449618e-01 -1.041572488202136687e-02
0.000000000000000000e+00 0.000000000000000000e+00 0.000000000000000000e+00 1.000000000000000000e+00
9.999641073299763150e-01 -6.920191563811223419e-04 -8.444238346366324255e-03 -2.184122545823072162e-04
6.514802687386817698e-04 9.999882553228858217e-01 -4.802581571451758520e-03 -3.296535418459901889e-03
8.447462649961001019e-03 4.796907939308967840e-03 9.999528139112359160e-01 -1.057982724717641126e-02
0.000000000000000000e+00 0.000000000000000000e+00 0.000000000000000000e+00 1.000000000000000000e+00
9.999736351060174444e-01 5.412985425122190068e-05 -7.261278318304679839e-03 2.058837469056755669e-03
-9.503113264571752192e-05 9.999841324568842227e-01 -5.632566336625989545e-03 -2.284423553165552262e-03
7.260858209663028501e-03 5.633107882114718121e-03 9.999577731252692336e-01 -1.166976581641472263e-02
0.000000000000000000e+00 0.000000000000000000e+00 0.000000000000000000e+00 1.000000000000000000e+00
9.999932164631424314e-01 4.440586844325446528e-04 -3.656479124030879123e-03 1.507176737534281739e-03
-4.640896621753022155e-04 9.999848814357009674e-01 -5.479189795323049367e-03 -1.853264227903311974e-03
3.653990761503867531e-03 5.480849561198544544e-03 9.999783040844443249e-01 -1.237855034100895403e-02
0.000000000000000000e+00 0.000000000000000000e+00 0.000000000000000000e+00 1.000000000000000000e+00
9.999977282791642219e-01 1.926220501564860146e-03 -9.127491936194797413e-04 1.082223794576248109e-03
-1.929762519138735486e-03 9.999905495523849774e-01 -3.895744157272295911e-03 -4.684393863590432042e-03
9.052365054664495304e-04 3.897496696412346921e-03 9.999919950011455505e-01 -1.225151951548555246e-02
0.000000000000000000e+00 0.000000000000000000e+00 0.000000000000000000e+00 1.000000000000000000e+00
9.999792522697577013e-01 6.388799059612416259e-03 8.235754917063057732e-04 -5.273194177056501767e-04
-6.383058533965615261e-03 9.999565482577557063e-01 -6.793979701603422398e-03 -3.940976648221634578e-04
-8.669450770449536837e-04 6.788581811374596112e-03 9.999765815073985431e-01 -1.492283766598268176e-02
0.000000000000000000e+00 0.000000000000000000e+00 0.000000000000000000e+00 1.000000000000000000e+00
9.999716477267607262e-01 6.862331541381492747e-03 3.100346503871670000e-03 -1.161224989927582812e-03
-6.851308431245245641e-03 9.999702203360929520e-01 -3.552184365284157853e-03 2.585892975956093076e-03
-3.124630443405483540e-03 3.530842222640684282e-03 9.999888848571227840e-01 -1.620665699378350325e-02
0.000000000000000000e+00 0.000000000000000000e+00 0.000000000000000000e+00 1.000000000000000000e+00
9.999815979542606703e-01 5.172471898930951911e-03 3.170061087587299018e-03 -4.618498106975813151e-03
-5.176462111277881604e-03 9.999858185076578865e-01 1.251808124632072545e-03 4.365703531226550020e-03
-3.163541189042748652e-03 -1.268194789912036437e-03 9.999941918276930020e-01 -1.598949083962641557e-02
0.000000000000000000e+00 0.000000000000000000e+00 0.000000000000000000e+00 1.000000000000000000e+00
9.999793904411277135e-01 5.094180070181985459e-03 -3.907431688765691455e-03 -3.107668614518568472e-03
-5.043919065597779819e-03 9.999057807538562770e-01 1.276669477514419219e-02 -6.390346360114250793e-03
3.972099375583247431e-03 -1.274672289000414183e-02 9.999108677687806868e-01 -1.180624891903301298e-02
0.000000000000000000e+00 0.000000000000000000e+00 0.000000000000000000e+00 1.000000000000000000e+00
9.999791807253183284e-01 2.015276728156621244e-03 -6.129989855667976328e-03 -1.864192808390177907e-03
-1.938836976132168573e-03 9.999206124885438030e-01 1.245028641101480864e-02 -1.574018209035404209e-02
6.154593983491082713e-03 -1.243814215408666282e-02 9.999037021596889341e-01 -9.516609698727198155e-03
0.000000000000000000e+00 0.000000000000000000e+00 0.000000000000000000e+00 1.000000000000000000e+00
9.999766563074220516e-01 2.081462851371268259e-03 -6.508022174685552941e-03 5.470234790252244319e-04
-2.089581870173238664e-03 9.999970467919635508e-01 -1.240989508212116121e-03 -4.088204939913483646e-03
6.505419881581883147e-03 1.254559584081448281e-03 9.999780525553625399e-01 -1.472577440542524770e-02
0.000000000000000000e+00 0.000000000000000000e+00 0.000000000000000000e+00 1.000000000000000000e+00
9.999848926077677946e-01 2.195655047067653510e-03 -5.039211758232030151e-03 1.495775297797208303e-03
-2.212428416275969648e-03 9.999920233633958766e-01 -3.325412769069105955e-03 -3.610142461202501749e-03
5.031870102941067915e-03 3.336511426043620426e-03 9.999817738212886109e-01 -1.395016885790322479e-02
0.000000000000000000e+00 0.000000000000000000e+00 0.000000000000000000e+00 1.000000000000000000e+00
9.999921450517966770e-01 2.465365930552091290e-03 -3.103515029112334338e-03 3.836467670588405640e-03
-2.477467979715351504e-03 9.999893194686724218e-01 -3.901679252417729858e-03 -7.518059197206721986e-03
3.093862814821988702e-03 3.909337464038487898e-03 9.999875724695155288e-01 -1.268714966457218027e-02
0.000000000000000000e+00 0.000000000000000000e+00 0.000000000000000000e+00 1.000000000000000000e+00
9.999893653349223310e-01 4.035212166003437385e-03 2.232997947947134004e-03 4.456407077569306784e-03
-4.010328711260307231e-03 9.999310375624080871e-01 -1.103799723654774051e-02 -3.678633118047536319e-03
-2.277384615702734809e-03 1.102892479536115439e-02 9.999365861579277981e-01 -1.480530337834507285e-02
0.000000000000000000e+00 0.000000000000000000e+00 0.000000000000000000e+00 1.000000000000000000e+00
9.999653506607145692e-01 5.422362269730541737e-03 6.316285729030698265e-03 3.754248706613168979e-03
-5.347176317776568440e-03 9.999153682643908692e-01 -1.186018609103354875e-02 3.521800365745202197e-03
-6.380061396378854457e-03 1.182600084995510427e-02 9.999097161846539628e-01 -1.819189970149340599e-02
0.000000000000000000e+00 0.000000000000000000e+00 0.000000000000000000e+00 1.000000000000000000e+00
9.999482736938406502e-01 2.816339237450056314e-03 9.773339757150391674e-03 2.752629334748809328e-03
-2.756122814689456694e-03 9.999771714833928238e-01 -6.169302967490007152e-03 -3.308005550312910405e-03
-9.790491496316496706e-03 6.142047327555525543e-03 9.999332085348932031e-01 -1.383071261167475793e-02
0.000000000000000000e+00 0.000000000000000000e+00 0.000000000000000000e+00 1.000000000000000000e+00
9.999140116153777402e-01 2.465251059331778974e-03 1.287990343348954098e-02 -3.008167785440394974e-03
-2.383593887738659316e-03 9.999769888412413099e-01 -6.351398915376373078e-03 -5.569317478398997344e-03
-1.289526484489121605e-02 6.320152309744820826e-03 9.998968785926687364e-01 -1.380330302201031485e-02
0.000000000000000000e+00 0.000000000000000000e+00 0.000000000000000000e+00 1.000000000000000000e+00
9.999586420630851569e-01 1.999895192104782834e-03 8.872123904185506837e-03 -3.405252480912900320e-03
-1.919182716199050332e-03 9.999567841281666869e-01 -9.096516572661592429e-03 -8.766782513686294546e-04
-8.889932567374542877e-03 9.079113132650145843e-03 9.999192661428583095e-01 -1.517569597080882168e-02
0.000000000000000000e+00 0.000000000000000000e+00 0.000000000000000000e+00 1.000000000000000000e+00
9.999824873035242367e-01 2.600581790110355644e-04 5.912483065600147338e-03 -1.140706143802159862e-03
-2.107375077671645627e-04 9.999651920523138227e-01 -8.340879658719761724e-03 -2.761213912122449828e-03
-5.914446378174305526e-03 8.339487605479986923e-03 9.999477347694316620e-01 -1.364050080328182805e-02
0.000000000000000000e+00 0.000000000000000000e+00 0.000000000000000000e+00 1.000000000000000000e+00
9.999882024709241257e-01 2.389724045177092616e-04 4.851578213343996603e-03 -4.347002227898407703e-04
-1.964715763628527181e-04 9.999616217258717743e-01 -8.758794111298311147e-03 -2.241758510267879111e-03
-4.853485128234823198e-03 8.757737581950681902e-03 9.999498716008495824e-01 -1.361743031695222469e-02
0.000000000000000000e+00 0.000000000000000000e+00 0.000000000000000000e+00 1.000000000000000000e+00
9.999889939454715826e-01 1.508015336465726294e-03 4.442733130366869135e-03 1.032480330089934886e-03
-1.465745014098153486e-03 9.999537766644266412e-01 -9.502427379582109590e-03 -6.564111511494873227e-04
-4.456857578644579133e-03 9.495810881413409635e-03 9.999449814845956519e-01 -1.384554777598697578e-02
0.000000000000000000e+00 0.000000000000000000e+00 0.000000000000000000e+00 1.000000000000000000e+00
9.999877099709720829e-01 9.698717958972738386e-04 4.862021771805204173e-03 1.960195299484718788e-03
-9.304441138408977522e-04 9.999667208135104568e-01 -8.105031722748800432e-03 -8.205303819322919785e-04
-4.869720809348690622e-03 8.100408272134717452e-03 9.999553336049883390e-01 -1.295444722942180882e-02
0.000000000000000000e+00 0.000000000000000000e+00 0.000000000000000000e+00 1.000000000000000000e+00
9.999816955364071447e-01 1.042547481892849848e-03 5.960007288520337634e-03 3.073590032886847935e-03
-9.962144818228249512e-04 9.999693038496753061e-01 -7.771673893206178067e-03 1.060230546668051435e-03
-5.967926678288127187e-03 7.765594191311752693e-03 9.999520385488589458e-01 -1.277253630322897765e-02
0.000000000000000000e+00 0.000000000000000000e+00 0.000000000000000000e+00 1.000000000000000000e+00
9.999635640730510922e-01 5.112343977636099639e-05 8.536270421821780946e-03 6.839694602520383958e-04
-1.008650556740758917e-05 9.999884446478031208e-01 -4.807334930003668606e-03 1.248794871338201811e-05
-8.536417549708383984e-03 4.807073669160209263e-03 9.999520096575419403e-01 -1.210006246998259621e-02
0.000000000000000000e+00 0.000000000000000000e+00 0.000000000000000000e+00 1.000000000000000000e+00
9.999534198550746877e-01 -6.607070757109534181e-04 9.629204863395246505e-03 -3.654679333963644153e-03
6.998835607034779990e-04 9.999914900664935713e-01 -4.065705054935884154e-03 5.822673533441148457e-04
-9.626436679404595451e-03 4.072254995991735245e-03 9.999453727359839394e-01 -1.138833877418457194e-02
0.000000000000000000e+00 0.000000000000000000e+00 0.000000000000000000e+00 1.000000000000000000e+00
9.999737897728600000e-01 -9.386277291364903720e-04 7.179049051855380947e-03 -7.090814172189081541e-03
9.548898755568043569e-04 9.999969854702132066e-01 -2.262130811995932949e-03 9.780420686001933817e-04
-7.176904111691102123e-03 2.268926722289276235e-03 9.999716716082018841e-01 -1.150286095488165829e-02
0.000000000000000000e+00 0.000000000000000000e+00 0.000000000000000000e+00 1.000000000000000000e+00
9.999958465596747725e-01 -9.328091607934385068e-04 2.727036939486207536e-03 -8.351080959916485150e-03
9.364252414085183452e-04 9.999986836942873492e-01 -1.325034889858267041e-03 8.838904535390690624e-04
-2.725797345188274087e-03 1.327583052629312385e-03 9.999954037654725791e-01 -1.005537664995628279e-02
0.000000000000000000e+00 0.000000000000000000e+00 0.000000000000000000e+00 1.000000000000000000e+00
9.999937943915729877e-01 -2.567413316832111055e-03 -2.412377914915769285e-03 -4.214779581804077233e-03
2.569854002435274527e-03 9.999961886959105595e-01 1.009179893966337610e-03 -5.227058897715335800e-03
2.409777738711108442e-03 -1.015373090431117425e-03 9.999965809885239532e-01 -7.768421331175537695e-03
0.000000000000000000e+00 0.000000000000000000e+00 0.000000000000000000e+00 1.000000000000000000e+00
9.999842337887773214e-01 -1.090767942361887174e-03 -5.508393519721044296e-03 2.131642905016855726e-03
1.076437976462190586e-03 9.999960308151526478e-01 -2.603773266609253102e-03 -5.837990121533166710e-03
5.511211768297344382e-03 2.597802770996031092e-03 9.999814388105456864e-01 -7.832596268302783465e-03
0.000000000000000000e+00 0.000000000000000000e+00 0.000000000000000000e+00 1.000000000000000000e+00
9.999916684512004661e-01 -6.448098468696454675e-04 -4.030787571271819865e-03 7.763799714409456987e-03
6.209751775953874621e-04 9.999823334617780057e-01 -5.911611807895269556e-03 -6.142474960995812638e-03
4.034528226713723215e-03 5.909059535985096076e-03 9.999744024710770507e-01 -8.239003243567882828e-03
0.000000000000000000e+00 0.000000000000000000e+00 0.000000000000000000e+00 1.000000000000000000e+00
9.999920375011898122e-01 -8.182516760963510875e-04 3.905815972770142197e-03 7.621477985010045517e-03
8.600807848611496421e-04 9.999421713676168721e-01 -1.071980324721969260e-02 -1.176591556133391343e-02
-3.896818607799635951e-03 1.072307720806647477e-02 9.999349130918113726e-01 -6.374510282666455245e-03
0.000000000000000000e+00 0.000000000000000000e+00 0.000000000000000000e+00 1.000000000000000000e+00
9.999523448006950588e-01 4.930357232500533378e-04 9.750130428242914302e-03 7.881312325598551285e-03
-3.089361647647420497e-04 9.998218176874019703e-01 -1.887425322243786729e-02 -5.884497857691031730e-03
-9.757698808543416660e-03 1.887034159823834656e-02 9.997743232959760418e-01 -1.228034800417182430e-02
0.000000000000000000e+00 0.000000000000000000e+00 0.000000000000000000e+00 1.000000000000000000e+00
9.999199477127186375e-01 -1.705689389609875862e-03 1.253749535992254409e-02 6.290661873436542186e-03
1.917178557285680561e-03 9.998557535200078838e-01 -1.687591714003144547e-02 -9.802064601347883904e-03
-1.250690179754327010e-02 1.689860280153055241e-02 9.997789828911095578e-01 -1.250533677072084536e-02
0.000000000000000000e+00 0.000000000000000000e+00 0.000000000000000000e+00 1.000000000000000000e+00
9.998954582863865959e-01 -2.835182069926812497e-03 1.417865441034932457e-02 1.653775233341370221e-03
3.101041130799522816e-03 9.998191323693454979e-01 -1.876395726157039506e-02 -1.128466938127982259e-02
-1.412289071553138146e-02 1.880596423582995419e-02 9.997234015801567120e-01 -1.152829604741364630e-02
0.000000000000000000e+00 0.000000000000000000e+00 0.000000000000000000e+00 1.000000000000000000e+00
9.999290191896414992e-01 -4.943854295473702927e-03 1.084042836543272145e-02 7.883536530070706094e-03
5.150996763931781249e-03 9.998030769361754277e-01 -1.916440923414443331e-02 -1.032432079252812614e-02
-1.074354758815339317e-02 1.921888794027694011e-02 9.997575758810526292e-01 -1.255322263815604467e-02
0.000000000000000000e+00 0.000000000000000000e+00 0.000000000000000000e+00 1.000000000000000000e+00
9.999125392250584055e-01 -3.273738086149964328e-03 1.281391975307570597e-02 3.580752076472295490e-03
3.545685481404116032e-03 9.997677368815512944e-01 -2.125794922398664341e-02 -4.787018867263744849e-03
-1.274135059410628004e-02 2.130152411650221983e-02 9.996919040661234046e-01 -1.201925645844025697e-02
0.000000000000000000e+00 0.000000000000000000e+00 0.000000000000000000e+00 1.000000000000000000e+00
9.999247042410325248e-01 -4.822566982548867273e-03 1.128400178048894094e-02 5.538737565198304132e-03
5.028107028221501067e-03 9.998206608180415511e-01 -1.825826774607654246e-02 -4.453591101620758483e-03
-1.119392639764965093e-02 1.831363014460812844e-02 9.997696269454927620e-01 -1.066842342356012253e-02
0.000000000000000000e+00 0.000000000000000000e+00 0.000000000000000000e+00 1.000000000000000000e+00
9.999077413774111189e-01 -4.675195717714145105e-03 1.275348103559324764e-02 2.592765839707662258e-03
4.917609449533328833e-03 9.998065722056480586e-01 -1.904298536713046677e-02 3.135479927266984160e-03
-1.266198447424533857e-02 1.910394512638559708e-02 9.997373222150812699e-01 -1.025195393462388464e-02
0.000000000000000000e+00 0.000000000000000000e+00 0.000000000000000000e+00 1.000000000000000000e+00
9.999450537803044048e-01 -4.242647077497697060e-03 9.585894120002245306e-03 -4.420579094980679573e-03
4.374841677115612684e-03 9.998950404167163963e-01 -1.381191190073705749e-02 5.479689331529673767e-03
-9.526288920889691703e-03 1.385308975749994370e-02 9.998586608734090220e-01 -7.859388424448063640e-03
0.000000000000000000e+00 0.000000000000000000e+00 0.000000000000000000e+00 1.000000000000000000e+00
9.999820371089411797e-01 -5.741508523648434711e-03 1.720621784357656819e-03 3.032976838671421534e-03
5.751481638911715329e-03 9.999663575132651250e-01 -5.848444289731895111e-03 3.305132619714686807e-03
-1.686985005622521332e-03 5.858235359364499795e-03 9.999814174073762274e-01 -4.008010315041182596e-03
0.000000000000000000e+00 0.000000000000000000e+00 0.000000000000000000e+00 1.000000000000000000e+00
9.999966852021118235e-01 -2.289665279669048526e-03 1.177717154615545844e-03 1.857396793979825119e-03
2.292905184217723571e-03 9.999935706096491073e-01 -2.757050086722407072e-03 2.393490397968326550e-03
-1.171396860754363297e-03 2.759741341427961875e-03 9.999955058184628598e-01 -1.758593459520432908e-03
0.000000000000000000e+00 0.000000000000000000e+00 0.000000000000000000e+00 1.000000000000000000e+00
9.999976108464034841e-01 -2.063314250523659663e-03 7.218280884847580285e-04 -3.005136825288288495e-03
2.064946899632866262e-03 9.999952950771366922e-01 -2.268439527921451478e-03 9.547952940903544489e-03
-7.171441887348710105e-04 2.269924644944377838e-03 9.999971665691451683e-01 3.149682153628961741e-05
0.000000000000000000e+00 0.000000000000000000e+00 0.000000000000000000e+00 1.000000000000000000e+00
9.999951390952362962e-01 -2.191821084488493939e-03 -2.217590185641159749e-03 2.656884079096081229e-03
2.206636329072973399e-03 9.999751164293814165e-01 6.700543123967674444e-03 5.351306972470567733e-03
2.202848612382538648e-03 -6.705403968332318380e-03 9.999750921976071627e-01 3.178520215283490470e-03
0.000000000000000000e+00 0.000000000000000000e+00 0.000000000000000000e+00 1.000000000000000000e+00
9.999980610407103176e-01 1.443136187256458198e-03 -1.339877891517028555e-03 1.705316675317153667e-04
-1.428300148866296646e-03 9.999383858235597611e-01 1.100838386223061162e-02 3.387083806201967098e-03
1.355681933159009339e-03 -1.100644876963054533e-02 9.999385082153691151e-01 5.892850597788103564e-03
0.000000000000000000e+00 0.000000000000000000e+00 0.000000000000000000e+00 1.000000000000000000e+00
9.999930869891230367e-01 3.128589071734387723e-03 -2.009453752868105118e-03 -4.890568316691985438e-04
-3.101244884841753650e-03 9.999044700825125975e-01 1.346970635066929885e-02 2.558576842959473831e-03
2.051402966005079660e-03 -1.346338142627037313e-02 9.999072602528904508e-01 8.568429958662436563e-03
0.000000000000000000e+00 0.000000000000000000e+00 0.000000000000000000e+00 1.000000000000000000e+00
9.999945722147851601e-01 3.116104253284680305e-03 -1.070250088117211682e-03 -3.671942891290269108e-03
-3.101936727277043292e-03 9.999107692982631690e-01 1.299351491687479598e-02 6.462437986041945056e-04
1.110643736048406169e-03 -1.299012454281094769e-02 9.999150079556030635e-01 1.127017252323266917e-02
0.000000000000000000e+00 0.000000000000000000e+00 0.000000000000000000e+00 1.000000000000000000e+00
9.999862053440166099e-01 4.426766801913324320e-03 -2.827164189697638740e-03 -6.498458561129898982e-03
-4.398371677782684022e-03 9.999406036560756217e-01 9.972135503880819041e-03 8.217581259629996165e-03
2.871140584873851063e-03 -9.959563022801711310e-03 9.999462803851697501e-01 9.996817546292106893e-03
0.000000000000000000e+00 0.000000000000000000e+00 0.000000000000000000e+00 1.000000000000000000e+00
9.999705739607205324e-01 4.881955107455100695e-03 -5.917577798019557807e-03 -3.059201095172338434e-03
-4.762930452543754495e-03 9.997893613058363993e-01 1.996365480495588748e-02 7.577789624499999162e-03
6.013792993698096473e-03 -1.993488234216594934e-02 9.997831938774686122e-01 1.149222666985973661e-02
0.000000000000000000e+00 0.000000000000000000e+00 0.000000000000000000e+00 1.000000000000000000e+00
9.999719281380781144e-01 4.045713984127995502e-03 -6.306753060969735349e-03 -6.715942624244638538e-03
-3.872839645025208909e-03 9.996228817199496186e-01 2.718631006569326852e-02 -2.703206417302934494e-03
6.414362703912298951e-03 -2.716112185206503646e-02 9.996104888459507176e-01 1.734618902016578368e-02
0.000000000000000000e+00 0.000000000000000000e+00 0.000000000000000000e+00 1.000000000000000000e+00
9.999511549006924183e-01 3.669297462246283968e-03 -9.177367209960395067e-03 -6.445237361413972028e-03
-3.494675623235681851e-03 9.998139146881322992e-01 1.897164300420437280e-02 1.957794768762780978e-03
9.245272038250984536e-03 -1.893864441094364470e-02 9.997779016825766307e-01 1.580282671004640607e-02
0.000000000000000000e+00 0.000000000000000000e+00 0.000000000000000000e+00 1.000000000000000000e+00
9.999273137169113479e-01 2.282580069246194047e-03 -1.183879686072306786e-02 -4.200771501219390490e-03
-2.059858415407318268e-03 9.998213106185327437e-01 1.879105681829138300e-02 3.836186496977378631e-03
1.187957348520822000e-02 -1.876530472087410695e-02 9.997533391154753701e-01 1.450164148120423532e-02
0.000000000000000000e+00 0.000000000000000000e+00 0.000000000000000000e+00 1.000000000000000000e+00
9.999132489924135170e-01 2.882348054473035312e-04 -1.316857661756579666e-02 -5.025954053297183519e-03
-1.409325251868315086e-05 9.997833816025948339e-01 2.081320909089273696e-02 1.082533967809372246e-03
1.317172315287584369e-02 -2.081121793595741565e-02 9.996966534490379086e-01 1.682424207029065491e-02
0.000000000000000000e+00 0.000000000000000000e+00 0.000000000000000000e+00 1.000000000000000000e+00
9.998971402636058770e-01 3.433252541213426044e-05 -1.434251421265864135e-02 -7.491101849662393621e-04
2.497332469248000810e-04 9.998038583823019021e-01 1.980359556159373008e-02 -3.485231857276119109e-03
1.434038095616698393e-02 -1.980514037161803381e-02 9.997010102470101911e-01 1.795788021069210164e-02
0.000000000000000000e+00 0.000000000000000000e+00 0.000000000000000000e+00 1.000000000000000000e+00
9.999219741960366781e-01 -1.845107911614063010e-03 -1.235480055263032950e-02 7.774394815109308401e-04
1.993940813558648870e-03 9.999254670700705727e-01 1.204510293584296760e-02 -3.452391801035642298e-03
1.233165519842330422e-02 -1.206879784806784428e-02 9.998511261175687670e-01 1.800774875774563411e-02
0.000000000000000000e+00 0.000000000000000000e+00 0.000000000000000000e+00 1.000000000000000000e+00
9.999471457163888743e-01 1.158985340115075173e-03 -1.021579789487661594e-02 2.677250798595050382e-04
-1.065725906949058612e-03 9.999577558406360644e-01 9.129663873902287008e-03 4.484272830457582126e-03
1.022594748367235649e-02 -9.118294091581900795e-03 9.999061389505118358e-01 1.110797433825835845e-02
0.000000000000000000e+00 0.000000000000000000e+00 0.000000000000000000e+00 1.000000000000000000e+00
9.999625486093365323e-01 1.060192874901596784e-04 -8.653908864262694484e-03 -2.118647224692048325e-05
7.596800285617200642e-06 9.999138268701214249e-01 1.312778641803841358e-02 -2.928842579581913573e-04
8.654554928412539622e-03 -1.312736050619806721e-02 9.998763779013538633e-01 1.604890314931623624e-02
0.000000000000000000e+00 0.000000000000000000e+00 0.000000000000000000e+00 1.000000000000000000e+00
9.999776790887348055e-01 3.191858397794649353e-05 -6.681340098452002649e-03 -1.056083497727427177e-03
3.278232641461102399e-05 9.999531133856762732e-01 9.683488814139828982e-03 -1.167004037076173426e-03
6.681335916286547556e-03 -9.683491699717276108e-03 9.999307924745962639e-01 1.602375479156131419e-02
